time	mcs	nss	bw	rssi	throughput_monitor	datarate	pktlost_ack	nbpkt_monitor	retry	nbpkt_ack	pktlost_seq_initial	pktlost_seq_new	bad_fcs	distance	antenna	LoS
8.100607	6.98544	3.0	79.2385	-58.6495	25409000.0	964.351	1.0	893.0	35.0	944.0	59.0	2886.0	461.0	9	left	1
8.201091	6.98825	3.0	79.4017	-58.6111	26857200.0	966.619	5.0	936.0	43.0	961.0	51.0	1024.0	474.0	9	left	1
8.301102	6.97346	3.0	78.9384	-58.518	27152200.0	959.873	4.0	942.0	52.0	975.0	62.0	1155.0	508.0	9	left	1
8.402031	6.99782	3.0	79.6953	-58.7421	26095200.0	970.903	6.0	919.0	44.0	952.0	65.0	0.0	474.0	9	left	1
8.503658	6.96791	3.0	79.8289	-58.615	26299500.0	969.626	5.0	935.0	54.0	1009.0	71.0	1176.0	517.0	9	left	1
8.604140	6.37168	2.68142	79.823	-58.4381	6629390.0	814.566	3.0	226.0	9.0	986.0	61.0	4010.0	75.0	9	left	1
8.705084	7.06468	2.96766	79.793	-58.7762	22026600.0	968.758	11.0	773.0	39.0	989.0	67.0	1420.0	419.0	9	left	1
8.806153	7.0	3.0	79.9149	-58.7138	26732500.0	973.883	10.0	940.0	48.0	1010.0	57.0	1409.0	505.0	9	left	1
8.906162	7.0	3.0	80.0	-58.7461	27697300.0	975.0	7.0	961.0	62.0	985.0	58.0	1024.0	512.0	9	left	1
9.006649	7.0	3.0	79.909	-58.7634	25187100.0	973.805	11.0	879.0	49.0	949.0	54.0	2067.0	478.0	9	left	1
9.107649	7.0	3.0	80.0	-58.7456	27837000.0	975.0	9.0	971.0	54.0	1017.0	70.0	128.0	544.0	9	left	1
9.208355	7.0	3.0	79.6555	-58.7901	26670500.0	970.479	19.0	929.0	71.0	975.0	55.0	0.0	519.0	9	left	1
9.309209	7.0	3.0	80.0	-58.8141	26161600.0	975.0	4.0	920.0	49.0	966.0	70.0	2048.0	470.0	9	left	1
9.409714	5.58322	3.0	80.0	-57.1105	21429700.0	836.864	1.0	751.0	60.0	743.0	20.0	0.0	131.0	9	left	1
9.510734	5.00458	2.99886	80.0	-56.3638	24857600.0	780.098	3.0	874.0	21.0	870.0	7.0	0.0	2.0	9	left	1
9.610778	5.73152	3.0	79.8962	-57.31	21938500.0	850.097	21.0	771.0	50.0	786.0	24.0	64.0	147.0	9	left	1
9.711025	6.99636	3.0	79.8544	-58.7597	23203400.0	972.925	6.0	824.0	34.0	847.0	46.0	2049.0	426.0	9	left	1
9.812259	6.99478	3.0	79.7392	-58.7405	21410100.0	971.343	28.0	767.0	40.0	816.0	51.0	0.0	410.0	9	left	1
9.913185	7.0	3.0	80.0	-58.8237	23320700.0	975.0	2.0	828.0	34.0	865.0	50.0	2304.0	421.0	9	left	1
10.013595	7.0	3.0	79.8983	-58.7179	22414800.0	973.666	7.0	787.0	52.0	830.0	48.0	385.0	384.0	9	left	1
10.113598	7.0	3.0	80.0	-58.7776	23380200.0	975.0	4.0	823.0	34.0	855.0	50.0	0.0	387.0	9	left	1
10.213885	7.0	3.0	79.9486	-58.7172	22058300.0	974.325	8.0	778.0	50.0	831.0	53.0	5.0	421.0	9	left	1
10.314278	7.0	3.0	79.8494	-58.7867	22547900.0	973.024	6.0	797.0	31.0	818.0	41.0	0.0	366.0	9	left	1
10.414916	7.00703	2.96661	78.594	-58.6995	16243600.0	947.081	11.0	569.0	61.0	851.0	70.0	4274.0	277.0	9	left	1
10.515453	8.80488	2.09756	77.7236	-62.1626	3631830.0	846.756	0.0	123.0	8.0	846.0	90.0	8435.0	119.0	9	left	1
10.616471	8.71429	2.14286	77.1429	-62.1071	3275610.0	844.071	0.0	112.0	6.0	842.0	87.0	3493.0	106.0	9	left	1
10.717388	7.07703	2.96148	80.0	-58.9201	19763400.0	970.802	7.0	701.0	37.0	844.0	52.0	2176.0	337.0	9	left	1
10.817644	7.0	3.0	79.6943	-58.6726	22222300.0	970.987	4.0	785.0	22.0	848.0	47.0	258.0	411.0	9	left	1
10.918536	7.0	3.0	80.0	-58.6729	22363700.0	975.0	0.0	801.0	23.0	839.0	45.0	0.0	414.0	9	left	1
11.018577	7.0	3.0	79.3113	-58.7338	21413800.0	965.96	4.0	755.0	52.0	814.0	60.0	512.0	367.0	9	left	1
11.119529	7.0	3.0	79.9499	-58.8148	22513800.0	974.343	1.0	799.0	21.0	851.0	54.0	2113.0	379.0	9	left	1
11.219976	7.0	3.0	79.6382	-58.6654	21854800.0	970.252	8.0	774.0	38.0	847.0	51.0	0.0	396.0	9	left	1
11.320345	7.0	3.0	79.9549	-58.6648	25162200.0	974.407	1.0	886.0	33.0	943.0	58.0	0.0	469.0	9	left	1
11.421791	7.0	3.0	79.8738	-58.7886	26910000.0	973.344	3.0	951.0	44.0	1033.0	76.0	1024.0	480.0	9	left	1
11.522573	5.63448	2.97701	79.1724	-57.1437	24936400.0	823.7	26.0	870.0	62.0	939.0	33.0	656.0	160.0	9	left	1
11.623483	5.13742	3.0	80.0	-56.6892	26972700.0	793.399	2.0	946.0	20.0	949.0	10.0	0.0	28.0	9	left	1
11.723489	6.99455	3.0	79.6074	-58.8059	26560800.0	969.602	17.0	917.0	75.0	976.0	72.0	0.0	453.0	9	left	1
11.823489	6.99115	3.0	79.646	-58.8153	26176700.0	969.956	6.0	904.0	45.0	943.0	62.0	0.0	457.0	9	left	1
11.924069	6.99057	3.0	79.6226	-58.8054	24103500.0	969.623	20.0	848.0	33.0	923.0	64.0	2177.0	424.0	9	left	1
12.026111	6.99223	3.0	79.6891	-58.8135	21569700.0	970.57	3.0	772.0	38.0	804.0	55.0	0.0	385.0	9	left	1
12.127283	6.98357	3.0	79.3426	-58.7396	22173900.0	965.632	4.0	791.0	43.0	807.0	37.0	1038.0	366.0	9	left	1
12.227857	6.99637	3.0	79.6614	-58.8331	23371000.0	970.393	4.0	827.0	41.0	848.0	44.0	2048.0	400.0	9	left	1
12.328652	7.0	3.0	80.0	-58.8262	23657800.0	975.0	4.0	840.0	52.0	874.0	47.0	2048.0	395.0	9	left	1
12.429331	7.0	3.0	79.9529	-58.8388	23994700.0	974.382	6.0	850.0	50.0	853.0	37.0	258.0	365.0	9	left	1
12.529741	7.0	3.0	79.7933	-58.8618	21998400.0	972.287	1.0	774.0	40.0	826.0	46.0	2562.0	358.0	9	left	1
12.629747	7.0	3.0	79.9515	-58.8145	23350400.0	974.364	7.0	825.0	40.0	852.0	50.0	1025.0	360.0	9	left	1
12.730391	5.89227	3.0	80.0	-57.5789	26228600.0	866.997	4.0	919.0	35.0	929.0	18.0	2048.0	198.0	9	left	1
12.831507	7.0	3.0	80.0	-58.8438	27402300.0	975.0	12.0	954.0	55.0	994.0	57.0	1024.0	433.0	9	left	1
12.931849	6.27427	3.0	80.0	-57.9782	23599100.0	904.242	7.0	824.0	61.0	835.0	31.0	248.0	255.0	9	left	1
13.031967	6.74229	3.0	80.0	-58.6366	26025000.0	949.873	9.0	908.0	84.0	908.0	48.0	0.0	388.0	9	left	1
13.132773	7.0	3.0	80.0	-58.9049	27106500.0	975.0	8.0	946.0	41.0	986.0	43.0	2080.0	466.0	9	left	1
13.232944	7.0	3.0	79.9569	-58.9213	26692400.0	974.434	5.0	927.0	53.0	955.0	52.0	642.0	434.0	9	left	1
13.334240	7.0	3.0	79.9515	-58.8339	23394000.0	974.364	12.0	825.0	44.0	881.0	49.0	0.0	380.0	9	left	1
13.435307	7.0	3.0	79.9604	-58.9108	28879500.0	974.48	4.0	1009.0	45.0	1033.0	55.0	992.0	487.0	9	left	1
13.536358	7.0	3.0	79.8747	-58.9113	27467900.0	973.356	10.0	958.0	48.0	1012.0	47.0	256.0	471.0	9	left	1
13.636431	6.99383	3.0	79.815	-58.9301	27898700.0	972.527	3.0	973.0	57.0	1013.0	61.0	0.0	481.0	9	left	1
13.736860	7.0	3.0	80.0	-58.974	24124600.0	975.0	5.0	847.0	38.0	913.0	45.0	129.0	347.0	9	left	1
13.837288	7.0	3.0	80.0	-58.9735	23407500.0	975.0	10.0	831.0	39.0	834.0	30.0	0.0	363.0	9	left	1
13.937551	6.98718	3.0	79.6154	-58.8949	21974500.0	969.859	6.0	780.0	38.0	838.0	50.0	0.0	381.0	9	left	1
14.037663	7.0	3.0	80.0	-58.9368	23758400.0	975.0	2.0	839.0	56.0	858.0	45.0	0.0	405.0	9	left	1
14.138883	7.0	3.0	80.0	-58.8654	23465400.0	975.0	3.0	832.0	35.0	859.0	36.0	0.0	366.0	9	left	1
14.240170	7.0	3.0	79.9516	-59.0133	23191000.0	974.365	3.0	827.0	54.0	843.0	41.0	0.0	334.0	9	left	1
14.340670	7.0	3.0	79.9524	-58.9238	23698700.0	974.375	5.0	840.0	50.0	859.0	57.0	2016.0	444.0	9	left	1
14.440954	7.0	3.0	79.8511	-58.8734	22788700.0	973.046	6.0	806.0	56.0	819.0	43.0	4098.0	402.0	9	left	1
14.541781	7.0	3.0	79.9501	-58.9776	22259600.0	974.345	4.0	802.0	36.0	837.0	53.0	512.0	386.0	9	left	1
14.641785	7.0	3.0	79.8537	-58.9268	23330700.0	973.079	8.0	820.0	64.0	843.0	41.0	3312.0	402.0	9	left	1
14.741830	7.0	3.0	79.8577	-58.9656	23792500.0	973.132	5.0	843.0	52.0	851.0	42.0	2048.0	381.0	9	left	1
14.841832	7.0	3.0	79.7579	-58.7034	23651200.0	971.822	16.0	826.0	107.0	849.0	67.0	0.0	419.0	9	left	1
14.943321	6.01279	3.0	79.7868	-57.694	26811300.0	875.949	24.0	938.0	63.0	970.0	43.0	4576.0	229.0	9	left	1
15.043890	5.97854	3.0	79.9571	-57.7629	26978400.0	874.844	8.0	932.0	53.0	932.0	20.0	0.0	196.0	9	left	1
15.144979	7.0	3.0	79.8359	-58.8872	27934800.0	972.846	9.0	975.0	54.0	996.0	51.0	642.0	395.0	9	left	1
15.245598	7.0	3.0	80.0	-58.8567	28983400.0	975.0	6.0	998.0	50.0	1051.0	38.0	2048.0	422.0	9	left	1
15.345862	7.0	3.0	80.0	-58.9507	28073300.0	975.0	3.0	974.0	41.0	995.0	43.0	2048.0	406.0	9	left	1
15.448091	7.0	3.0	79.9087	-58.9635	24694800.0	973.801	5.0	876.0	42.0	910.0	41.0	4096.0	389.0	9	left	1
15.550079	7.0	3.0	80.0	-59.0121	23400900.0	975.0	4.0	829.0	33.0	864.0	38.0	0.0	363.0	9	left	1
15.650153	7.0	3.0	79.9532	-58.9133	24726100.0	974.385	9.0	854.0	61.0	924.0	51.0	2176.0	419.0	9	left	1
15.750155	7.0	3.0	79.9627	-58.9178	31166800.0	974.51	11.0	1071.0	58.0	1080.0	49.0	0.0	440.0	9	left	1
15.851475	6.17995	3.0	80.0	-57.9863	25170700.0	895.046	3.0	878.0	46.0	935.0	30.0	0.0	208.0	9	left	1
15.952578	5.00675	3.0	80.0	-56.6569	25219100.0	780.658	0.0	889.0	0.0	899.0	3.0	0.0	0.0	9	left	1
16.053218	5.64075	3.0	79.6231	-57.3145	24222200.0	837.527	1.0	849.0	21.0	885.0	25.0	1540.0	109.0	9	left	1
16.153466	7.0	3.0	80.0	-58.9132	27370700.0	975.0	10.0	956.0	55.0	961.0	41.0	0.0	398.0	9	left	1
16.253550	7.0	3.0	79.8131	-58.8692	24289200.0	972.547	6.0	856.0	31.0	921.0	49.0	0.0	329.0	9	left	1
16.354468	7.0	3.0	80.0	-58.8801	26619500.0	975.0	5.0	934.0	45.0	959.0	45.0	0.0	349.0	9	left	1
16.454624	7.0	3.0	79.9113	-58.9279	25635100.0	973.836	2.0	902.0	50.0	928.0	45.0	384.0	369.0	9	left	1
16.555665	7.0	3.0	79.9041	-58.9149	23597300.0	973.741	0.0	834.0	44.0	836.0	33.0	0.0	346.0	9	left	1
16.656594	7.0	3.0	79.9001	-58.9101	22399900.0	973.689	10.0	801.0	36.0	830.0	41.0	4576.0	301.0	9	left	1
16.757785	7.0	3.0	79.9031	-58.8571	23287500.0	973.729	3.0	826.0	46.0	844.0	44.0	0.0	323.0	9	left	1
16.858876	7.0	3.0	79.9021	-58.8898	23152800.0	973.715	9.0	817.0	53.0	858.0	45.0	0.0	339.0	9	left	1
16.959947	7.0	3.0	79.8318	-58.9075	26936000.0	972.792	10.0	951.0	36.0	996.0	46.0	0.0	364.0	9	left	1
17.060827	7.14286	2.47429	79.7714	-59.9943	5080470.0	827.623	35.0	175.0	19.0	957.0	65.0	5482.0	105.0	9	left	1
17.161150	6.0668	2.99902	80.0	-57.7947	29728700.0	883.714	24.0	1018.0	83.0	1051.0	34.0	70.0	248.0	9	left	1
17.261685	6.15443	3.0	80.0	-57.8023	31023400.0	892.556	28.0	1062.0	89.0	1054.0	46.0	0.0	295.0	9	left	1
17.362756	6.10448	3.0	79.9147	-57.806	27027700.0	886.567	20.0	938.0	31.0	1007.0	37.0	2396.0	239.0	9	left	1
17.463075	5.78252	3.0	80.0	-57.3821	28561700.0	856.296	17.0	984.0	53.0	976.0	24.0	0.0	168.0	9	left	1
17.564098	5.73091	2.74593	79.8498	-58.1227	22878700.0	773.337	37.0	799.0	34.0	950.0	46.0	4423.0	135.0	9	left	1
17.664103	6.52306	3.0	80.0	-58.3278	29796100.0	928.499	20.0	1019.0	91.0	1015.0	43.0	130.0	299.0	9	left	1
17.764198	7.0	3.0	80.0	-58.8966	26816400.0	975.0	7.0	928.0	43.0	990.0	44.0	0.0	358.0	9	left	1
17.864909	7.0	3.0	79.8693	-58.9564	26092300.0	973.284	17.0	918.0	75.0	909.0	36.0	0.0	352.0	9	left	1
17.964911	7.0	3.0	79.8	-58.915	22576200.0	972.375	9.0	800.0	38.0	838.0	35.0	1.0	309.0	9	left	1
18.065222	7.0	3.0	79.5928	-58.9367	25130900.0	969.655	7.0	884.0	75.0	867.0	34.0	1026.0	302.0	9	left	1
18.165621	6.99223	3.0	79.715	-58.9404	21953800.0	971.203	12.0	772.0	46.0	820.0	33.0	275.0	256.0	9	left	1
18.266788	5.6849	3.0	79.7374	-57.3829	26430200.0	843.332	20.0	914.0	79.0	929.0	31.0	2305.0	129.0	9	left	1
18.367731	7.0	3.0	79.8394	-58.8735	28814200.0	972.892	13.0	996.0	55.0	1058.0	56.0	0.0	400.0	9	left	1
18.468114	7.0	3.0	80.0	-58.963	29600900.0	975.0	6.0	1028.0	45.0	1071.0	54.0	0.0	405.0	9	left	1
18.569334	7.0	3.0	79.5171	-59.008	28672700.0	968.662	4.0	994.0	59.0	1036.0	37.0	0.0	361.0	9	left	1
18.669338	7.0	3.0	80.0	-58.9284	29494800.0	975.0	8.0	1019.0	55.0	1048.0	50.0	0.0	415.0	9	left	1
18.769480	7.0	3.0	80.0	-58.9186	29499700.0	975.0	4.0	1020.0	58.0	1060.0	48.0	3086.0	445.0	9	left	1
18.870735	7.0	3.0	79.922	-59.0029	29254100.0	973.976	8.0	1025.0	51.0	1067.0	65.0	1281.0	397.0	9	left	1
18.971419	7.0	3.0	79.9151	-58.9321	26910600.0	973.885	3.0	942.0	71.0	990.0	61.0	3107.0	411.0	9	left	1
19.071419	7.0	3.0	79.9577	-59.0201	27414900.0	974.444	3.0	945.0	74.0	948.0	52.0	0.0	394.0	9	left	1
19.172562	7.0	3.0	79.7605	-58.8802	28896900.0	971.856	7.0	1002.0	51.0	1037.0	45.0	128.0	409.0	9	left	1
19.272899	7.0	3.0	80.0	-58.9667	29474700.0	975.0	6.0	1021.0	60.0	1043.0	53.0	1024.0	397.0	9	left	1
19.372953	7.0	3.0	79.8357	-58.962	28267700.0	972.844	5.0	974.0	46.0	1026.0	40.0	0.0	410.0	9	left	1
19.473044	7.0	3.0	80.0	-58.9811	27214500.0	975.0	4.0	952.0	38.0	973.0	37.0	0.0	381.0	9	left	1
19.573968	7.0	3.0	79.9113	-59.0233	25558100.0	973.836	10.0	902.0	67.0	917.0	35.0	3155.0	365.0	9	left	1
19.674860	7.0	3.0	79.9028	-59.045	23113700.0	973.724	2.0	823.0	52.0	827.0	37.0	0.0	344.0	9	left	1
19.775267	7.0	3.0	80.0	-58.9952	23456400.0	975.0	1.0	829.0	24.0	852.0	34.0	2048.0	290.0	9	left	1
19.875302	7.0	3.0	79.8163	-58.9713	24796500.0	972.589	2.0	871.0	35.0	911.0	33.0	2048.0	359.0	9	left	1
19.976400	7.0	3.0	80.0	-58.9612	26613500.0	975.0	4.0	929.0	62.0	952.0	55.0	128.0	370.0	9	left	1
20.076627	7.0	3.0	80.0	-58.9688	24743500.0	975.0	19.0	866.0	50.0	908.0	33.0	0.0	338.0	9	left	1
20.177176	7.0	3.0	80.0	-58.9626	26688500.0	975.0	2.0	936.0	34.0	967.0	44.0	258.0	338.0	9	left	1
20.277811	7.0	3.0	79.8471	-58.907	21941300.0	972.994	4.0	785.0	52.0	818.0	31.0	0.0	320.0	9	left	1
20.378570	7.0	3.0	79.9072	-58.9872	24554400.0	973.782	2.0	862.0	64.0	847.0	37.0	0.0	348.0	9	left	1
20.479595	7.0	3.0	79.8186	-59.0283	25055600.0	972.619	0.0	882.0	37.0	944.0	39.0	0.0	364.0	9	left	1
20.580616	7.0	3.0	79.9579	-58.9747	27621200.0	974.447	5.0	950.0	56.0	968.0	53.0	0.0	385.0	9	left	1
20.681290	7.0	3.0	79.831	-58.9873	27171400.0	972.782	9.0	947.0	51.0	1017.0	44.0	135.0	400.0	9	left	1
20.782237	7.0	3.0	79.88	-58.962	28726300.0	973.425	10.0	1000.0	56.0	1022.0	54.0	0.0	409.0	9	left	1
20.883047	7.0	3.0	79.7717	-59.016	24834700.0	972.003	6.0	876.0	44.0	918.0	49.0	0.0	348.0	9	left	1
20.983349	7.0	3.0	80.0	-58.9988	23802100.0	975.0	3.0	835.0	55.0	831.0	34.0	129.0	324.0	9	left	1
21.083799	7.0	3.0	79.8972	-58.9923	21962500.0	973.65	3.0	778.0	34.0	845.0	36.0	0.0	325.0	9	left	1
21.183900	7.0	3.0	80.0	-59.051	23253000.0	975.0	5.0	824.0	32.0	849.0	29.0	0.0	286.0	9	left	1
21.285185	7.0	3.0	79.9506	-59.026	22521500.0	974.351	3.0	809.0	46.0	837.0	37.0	2655.0	297.0	9	left	1
21.385772	7.0	3.0	80.0	-59.0078	21732500.0	975.0	11.0	772.0	44.0	787.0	39.0	270.0	286.0	9	left	1
21.486298	7.0	3.0	79.8528	-59.0417	22951800.0	973.067	1.0	815.0	29.0	859.0	46.0	3385.0	300.0	9	left	1
21.586941	7.0	3.0	80.0	-59.0916	23741600.0	975.0	1.0	841.0	28.0	856.0	29.0	256.0	280.0	9	left	1
21.687531	7.0	3.0	79.8007	-58.9589	22627300.0	972.385	1.0	803.0	33.0	841.0	34.0	0.0	294.0	9	left	1
21.787554	7.0	3.0	80.0	-59.0061	22916500.0	975.0	0.0	814.0	33.0	832.0	38.0	0.0	306.0	9	left	1
21.888201	7.0	3.0	79.6513	-58.9776	22435000.0	970.423	4.0	803.0	19.0	842.0	30.0	1.0	311.0	9	left	1
21.988502	7.0	3.0	79.9526	-59.0474	23641400.0	974.377	2.0	843.0	34.0	863.0	37.0	2048.0	312.0	9	left	1
22.088506	6.77644	3.0	79.9038	-58.7091	23595000.0	951.941	3.0	832.0	75.0	850.0	36.0	0.0	284.0	9	left	1
22.189444	5.00481	2.9988	80.0	-56.7834	23422200.0	780.103	0.0	831.0	16.0	827.0	4.0	0.0	2.0	9	left	1
22.290148	5.02225	3.0	79.7033	-56.6316	22844100.0	778.276	1.0	809.0	6.0	856.0	13.0	0.0	7.0	9	left	1
22.390268	6.5157	2.62332	79.8206	-58.8789	6427490.0	810.915	2.0	223.0	7.0	817.0	68.0	694.0	85.0	9	left	1
22.490391	8.65957	2.17021	76.1702	-62.2021	2792840.0	834.287	2.0	94.0	4.0	856.0	65.0	1814.0	89.0	9	left	1
22.591478	8.76744	2.11628	79.0698	-62.2558	2519250.0	866.465	2.0	86.0	11.0	837.0	57.0	3162.0	81.0	9	left	1
22.692085	7.01796	2.99102	80.0	-59.025	28989500.0	974.021	1.0	1002.0	71.0	1035.0	35.0	0.0	361.0	9	left	1
22.792336	6.98584	3.0	79.454	-58.8453	28554700.0	967.791	1.0	989.0	74.0	995.0	50.0	514.0	396.0	9	left	1
22.892544	7.0	3.0	80.0	-58.9746	28367100.0	975.0	1.0	983.0	74.0	1013.0	47.0	0.0	325.0	9	left	1
22.992563	7.0	3.0	80.0	-58.9334	27181800.0	975.0	7.0	946.0	75.0	966.0	38.0	0.0	327.0	9	left	1
23.092817	7.0	3.0	80.0	-58.8899	30006900.0	975.0	1.0	1035.0	66.0	1033.0	37.0	256.0	332.0	9	left	1
23.192989	6.49114	3.0	80.0	-58.4223	27783400.0	925.386	19.0	959.0	63.0	972.0	35.0	2058.0	249.0	9	left	1
23.293465	7.0	3.0	80.0	-58.9278	28917700.0	975.0	12.0	997.0	82.0	1029.0	63.0	1798.0	457.0	9	left	1
23.394152	7.0	3.0	79.3562	-58.9464	26692500.0	966.55	2.0	932.0	65.0	948.0	35.0	0.0	322.0	9	left	1
23.494281	7.0	3.0	79.9576	-58.9608	27032200.0	974.443	0.0	943.0	32.0	968.0	42.0	257.0	318.0	9	left	1
23.595417	7.2197	2.85227	79.5455	-59.5436	15128100.0	946.112	26.0	528.0	35.0	1004.0	73.0	1024.0	259.0	9	left	1
23.696124	8.37306	2.06736	79.7927	-62.8497	5599620.0	828.29	3.0	193.0	12.0	975.0	78.0	4032.0	157.0	9	left	1
23.796544	7.23194	2.88403	79.4677	-59.4221	15100800.0	955.373	3.0	526.0	40.0	1002.0	69.0	1184.0	236.0	9	left	1
23.897692	7.0	3.0	80.0	-59.006	28899900.0	975.0	16.0	1007.0	87.0	960.0	24.0	0.0	310.0	9	left	1
23.998526	7.0	3.0	79.8278	-58.9731	26382000.0	972.74	11.0	929.0	54.0	960.0	41.0	258.0	322.0	9	left	1
24.099310	7.0	3.0	80.0	-58.9792	26024700.0	975.0	3.0	914.0	26.0	971.0	51.0	2146.0	309.0	9	left	1
24.200154	6.9773	3.0	79.0919	-58.8422	24846900.0	962.06	10.0	881.0	54.0	883.0	29.0	0.0	307.0	9	left	1
24.301153	6.99271	3.0	79.7084	-59.0741	23134900.0	970.844	5.0	823.0	50.0	815.0	31.0	0.0	252.0	9	left	1
24.401553	6.97967	3.0	79.1388	-58.8313	23748600.0	962.781	7.0	836.0	51.0	863.0	43.0	248.0	308.0	9	left	1
24.501882	7.0	3.0	79.8098	-58.9917	23798900.0	972.503	6.0	841.0	51.0	838.0	27.0	0.0	284.0	9	left	1
24.602861	7.0	3.0	79.5506	-58.9513	22628800.0	969.101	1.0	801.0	34.0	853.0	41.0	0.0	283.0	9	left	1
24.703574	7.0	3.0	80.0	-59.0472	24480700.0	975.0	2.0	869.0	44.0	871.0	32.0	128.0	284.0	9	left	1
24.807949	7.0	3.0	79.9503	-59.0211	22096800.0	974.348	4.0	805.0	51.0	857.0	43.0	0.0	317.0	9	left	1
24.908496	5.6706	3.0	80.0	-57.3786	29437500.0	845.383	9.0	1017.0	56.0	1003.0	19.0	0.0	118.0	9	left	1
25.009087	7.0	3.0	79.6691	-58.9948	27780300.0	970.657	8.0	967.0	50.0	1021.0	49.0	0.0	357.0	9	left	1
25.109314	7.0	3.0	79.7765	-58.9497	25715200.0	972.067	5.0	895.0	69.0	908.0	51.0	5632.0	349.0	9	left	1
25.210923	7.0	3.0	79.9591	-59.1154	27704300.0	974.464	4.0	979.0	49.0	1027.0	51.0	0.0	376.0	9	left	1
25.311086	7.0	3.0	80.0	-58.9558	27314000.0	975.0	4.0	950.0	82.0	944.0	46.0	0.0	342.0	9	left	1
25.411088	7.0	3.0	79.9159	-58.9264	27479800.0	973.896	0.0	951.0	56.0	966.0	47.0	0.0	393.0	9	left	1
25.512430	7.0	3.0	79.7645	-59.0128	29254000.0	971.909	3.0	1019.0	59.0	1060.0	47.0	128.0	429.0	9	left	1
25.613533	7.0	3.0	80.0	-59.049	30552000.0	975.0	3.0	1062.0	67.0	1071.0	44.0	128.0	476.0	9	left	1
25.714136	7.0	3.0	80.0	-59.0347	27465300.0	975.0	12.0	952.0	69.0	984.0	45.0	0.0	383.0	9	left	1
25.814485	7.0	3.0	79.9612	-58.9738	29928700.0	974.49	5.0	1030.0	64.0	1040.0	44.0	0.0	435.0	9	left	1
25.914486	7.0	3.0	79.759	-58.9699	28873000.0	971.837	10.0	996.0	57.0	1063.0	64.0	2190.0	423.0	9	left	1
26.014491	7.0	3.0	79.9616	-58.9385	30146000.0	974.496	5.0	1041.0	44.0	1071.0	47.0	0.0	443.0	9	left	1
26.114870	7.0	3.0	79.7802	-59.0286	26304500.0	972.115	2.0	910.0	64.0	967.0	50.0	3884.0	382.0	9	left	1
26.216572	7.0	3.0	79.9611	-58.9805	29292500.0	974.489	2.0	1028.0	46.0	1047.0	43.0	0.0	417.0	9	left	1
26.317385	7.0	3.0	79.9205	-59.0726	28933900.0	973.956	13.0	1006.0	66.0	1036.0	38.0	0.0	391.0	9	left	1
26.418603	7.0	3.0	80.0	-59.0599	29335800.0	975.0	1.0	1018.0	47.0	1043.0	39.0	0.0	382.0	9	left	1
26.519301	7.0	3.0	79.6761	-58.9626	28712700.0	970.749	19.0	988.0	65.0	1041.0	62.0	2209.0	421.0	9	left	1
26.620604	7.00832	2.85714	80.0	-59.2913	20607000.0	933.723	19.0	721.0	80.0	957.0	72.0	4885.0	363.0	9	left	1
26.721542	8.24123	2.01316	79.4737	-62.9868	6571020.0	797.535	8.0	228.0	20.0	985.0	74.0	7390.0	178.0	9	left	1
26.821881	5.61081	2.81622	80.0	-57.7514	15678700.0	785.362	22.0	555.0	33.0	806.0	43.0	2570.0	90.0	9	left	1
26.922419	6.89128	3.0	79.8483	-58.6839	22610900.0	962.408	21.0	791.0	99.0	835.0	60.0	0.0	311.0	9	left	1
27.023458	7.0	3.0	80.0	-59.0	23199400.0	975.0	3.0	823.0	64.0	838.0	42.0	0.0	335.0	9	left	1
27.124778	6.71018	3.0	79.9042	-58.5198	23827900.0	945.485	21.0	835.0	100.0	851.0	54.0	0.0	297.0	9	left	1
27.225808	6.15131	3.0	80.0	-57.8555	25023200.0	892.253	13.0	879.0	60.0	869.0	31.0	0.0	226.0	9	left	1
27.326330	6.2394	3.0	79.7506	-58.0162	22894700.0	897.569	10.0	802.0	69.0	828.0	42.0	1030.0	224.0	9	left	1
27.427409	5.00467	3.0	79.9065	-56.7407	24186600.0	779.229	3.0	856.0	12.0	863.0	7.0	0.0	3.0	9	left	1
27.528484	5.93637	3.0	80.0	-57.7683	23123400.0	871.297	3.0	833.0	24.0	876.0	24.0	0.0	154.0	9	left	1
27.628957	7.0	3.0	80.0	-59.0471	23590800.0	975.0	3.0	828.0	36.0	844.0	36.0	64.0	325.0	9	left	1
27.729748	7.0	3.0	80.0	-58.9714	22627100.0	975.0	9.0	805.0	46.0	845.0	37.0	0.0	301.0	9	left	1
27.830864	7.0	3.0	80.0	-58.9848	23895400.0	975.0	4.0	857.0	53.0	870.0	43.0	0.0	355.0	9	left	1
27.931465	7.0	3.0	79.7091	-59.0376	23407900.0	971.182	6.0	825.0	47.0	845.0	34.0	0.0	296.0	9	left	1
28.032063	7.0	3.0	80.0	-59.0228	23445400.0	975.0	2.0	833.0	49.0	850.0	42.0	0.0	316.0	9	left	1
28.132466	7.0	3.0	79.9521	-59.0048	23582800.0	974.371	1.0	835.0	47.0	826.0	28.0	0.0	272.0	9	left	1
28.232508	7.0	3.0	79.6535	-58.9728	23162500.0	970.452	5.0	808.0	38.0	850.0	46.0	1024.0	260.0	9	left	1
28.333595	7.0	3.0	80.0	-59.0645	24253800.0	975.0	2.0	868.0	45.0	879.0	39.0	0.0	320.0	9	left	1
28.434551	7.0	3.0	79.7552	-59.0306	23064900.0	971.787	0.0	817.0	53.0	855.0	38.0	0.0	270.0	9	left	1
28.535689	7.0	3.0	79.852	-59.0432	22973300.0	973.058	4.0	811.0	52.0	818.0	46.0	256.0	302.0	9	left	1
28.636651	6.98242	3.0	79.2028	-58.8628	23928400.0	963.746	8.0	853.0	53.0	850.0	30.0	1027.0	327.0	9	left	1
28.737359	6.98893	3.0	79.5572	-58.9299	22638600.0	968.69	1.0	813.0	30.0	826.0	33.0	0.0	321.0	9	left	1
28.838412	6.99461	3.0	79.5687	-58.996	21008900.0	969.097	15.0	742.0	41.0	804.0	44.0	0.0	263.0	9	left	1
28.939194	6.98925	3.0	79.5699	-58.9486	23705500.0	968.871	1.0	837.0	47.0	841.0	34.0	0.0	281.0	9	left	1
29.039526	6.99036	3.0	79.5181	-58.9675	23593900.0	968.241	4.0	830.0	52.0	855.0	35.0	0.0	293.0	9	left	1
29.139850	7.0	3.0	80.0	-59.0241	23521500.0	975.0	3.0	829.0	33.0	848.0	37.0	0.0	287.0	9	left	1
29.240906	7.0	3.0	79.75	-58.9663	22341300.0	971.719	3.0	800.0	39.0	844.0	31.0	0.0	259.0	9	left	1
29.341122	7.0	3.0	80.0	-58.9599	24148800.0	975.0	2.0	847.0	50.0	851.0	31.0	192.0	276.0	9	left	1
29.441636	7.0	3.0	79.8509	-59.072	22630500.0	973.043	1.0	805.0	35.0	858.0	31.0	2048.0	256.0	9	left	1
29.542094	7.0	3.0	79.7555	-58.9792	23135000.0	971.791	2.0	818.0	36.0	846.0	45.0	0.0	264.0	9	left	1
29.643271	7.0	3.0	79.903	-58.9855	23286300.0	973.727	6.0	825.0	56.0	847.0	32.0	0.0	269.0	9	left	1
29.744021	7.0	3.0	79.9174	-59.0062	27543000.0	973.915	3.0	968.0	67.0	979.0	46.0	0.0	318.0	9	left	1
29.844056	7.0	3.0	79.7388	-58.963	26509800.0	971.572	6.0	919.0	36.0	963.0	42.0	1603.0	325.0	9	left	1
29.944471	7.0	3.0	79.8196	-58.9989	25436800.0	972.632	1.0	887.0	54.0	886.0	33.0	0.0	320.0	9	left	1
30.044833	7.0	3.0	80.0	-58.9501	26244700.0	975.0	9.0	922.0	50.0	966.0	49.0	1344.0	380.0	9	left	1
30.144919	7.0	3.0	80.0	-59.0277	28245100.0	975.0	0.0	974.0	49.0	981.0	30.0	0.0	295.0	9	left	1
30.245766	7.0	3.0	80.0	-59.0338	24585900.0	975.0	2.0	857.0	59.0	901.0	35.0	0.0	281.0	9	left	1
30.345887	7.0	3.0	80.0	-58.939	28452400.0	975.0	6.0	983.0	59.0	1008.0	52.0	128.0	339.0	9	left	1
30.446104	6.98539	3.0	79.0814	-58.9134	27621700.0	962.286	4.0	958.0	44.0	1010.0	43.0	0.0	325.0	9	left	1
30.546253	6.99759	3.0	79.9035	-59.0495	23381800.0	973.625	1.0	829.0	30.0	849.0	31.0	0.0	275.0	9	left	1
30.646405	6.98106	3.0	79.1919	-58.9129	22626900.0	963.542	1.0	792.0	40.0	824.0	38.0	0.0	271.0	9	left	1
30.747476	6.9914	3.0	79.656	-58.9951	22707900.0	970.098	2.0	814.0	42.0	821.0	31.0	0.0	280.0	9	left	1
30.847712	6.99605	3.0	79.8421	-59.0276	21557700.0	972.75	6.0	760.0	59.0	751.0	36.0	0.0	241.0	9	left	1
30.948545	6.99601	3.0	79.4674	-59.0173	20944100.0	967.83	6.0	751.0	36.0	782.0	21.0	0.0	171.0	9	left	1
31.048630	7.0	3.0	80.0	-59.0857	26633900.0	975.0	1.0	922.0	34.0	940.0	40.0	529.0	285.0	9	left	1
31.149076	7.0	3.0	79.7266	-58.8906	29638400.0	971.411	7.0	1024.0	84.0	1024.0	38.0	0.0	310.0	9	left	1
31.249905	7.0	3.0	79.9239	-59.0152	30237400.0	974.001	15.0	1051.0	60.0	1070.0	50.0	0.0	363.0	9	left	1
31.350703	6.99284	3.0	79.7134	-58.9939	28256300.0	970.916	10.0	977.0	47.0	1022.0	49.0	0.0	372.0	9	left	1
31.451707	6.99307	3.0	79.7228	-58.9901	29212300.0	971.05	2.0	1010.0	48.0	1023.0	41.0	0.0	374.0	9	left	1
31.552018	6.97913	3.0	79.1252	-58.9543	29092900.0	962.58	5.0	1006.0	76.0	1018.0	41.0	131.0	360.0	9	left	1
31.652924	6.98905	3.0	79.5622	-58.9274	28623800.0	968.761	1.0	1005.0	33.0	1026.0	40.0	606.0	359.0	9	left	1
31.753329	6.96489	3.0	78.5957	-58.795	25362400.0	954.989	4.0	883.0	53.0	891.0	43.0	322.0	337.0	9	left	1
31.853854	6.99663	3.0	79.7753	-59.0461	25142100.0	971.899	0.0	890.0	63.0	890.0	38.0	0.0	315.0	9	left	1
31.953855	6.97949	3.0	79.1282	-58.9949	22047100.0	962.635	1.0	780.0	53.0	777.0	32.0	0.0	249.0	9	left	1
32.054090	7.0	3.0	79.8046	-58.9829	23352600.0	972.436	4.0	819.0	37.0	823.0	28.0	128.0	251.0	9	left	1
32.154158	6.99248	3.0	79.7744	-58.9424	22423400.0	971.985	2.0	798.0	58.0	818.0	33.0	0.0	262.0	9	left	1
32.255435	7.0	3.0	80.0	-59.0476	24639300.0	975.0	3.0	883.0	41.0	877.0	29.0	0.0	260.0	9	left	1
32.356056	6.99764	3.0	79.7639	-58.9906	23973300.0	971.795	14.0	847.0	56.0	876.0	44.0	0.0	317.0	9	left	1
32.456074	6.99098	3.0	79.6393	-58.9399	29280500.0	969.86	1.0	998.0	57.0	998.0	41.0	0.0	442.0	9	left	1
32.556282	6.97737	3.0	79.0947	-58.9249	27965900.0	962.099	1.0	972.0	81.0	983.0	53.0	512.0	381.0	9	left	1
32.657785	6.98958	3.0	79.5076	-58.9621	30173400.0	968.068	3.0	1056.0	55.0	1064.0	51.0	636.0	434.0	9	left	1
32.757937	6.98189	3.0	79.2757	-59.0332	28723700.0	964.678	4.0	994.0	53.0	1040.0	53.0	0.0	384.0	9	left	1
32.857947	6.99291	3.0	79.6353	-58.9858	28609000.0	969.894	4.0	987.0	27.0	1018.0	50.0	640.0	361.0	9	left	1
32.957950	6.98247	3.0	79.299	-58.9753	28173900.0	965.01	2.0	970.0	39.0	1012.0	50.0	2048.0	375.0	9	left	1
33.059340	6.99317	3.0	79.6878	-59.0595	29172000.0	970.595	5.0	1025.0	70.0	1038.0	53.0	2048.0	404.0	9	left	1
33.159878	6.96178	3.0	78.3058	-58.8285	27870600.0	951.043	4.0	968.0	70.0	1009.0	67.0	129.0	386.0	9	left	1
33.260452	6.99308	3.0	79.7233	-59.0711	28767900.0	971.057	2.0	1012.0	38.0	1024.0	40.0	1088.0	371.0	9	left	1
33.360454	6.98235	3.0	79.2939	-58.9242	27881700.0	964.938	5.0	963.0	55.0	1014.0	53.0	771.0	372.0	9	left	1
33.461482	6.94211	3.0	77.6842	-58.7453	27151000.0	942.0	4.0	950.0	128.0	947.0	55.0	0.0	334.0	9	left	1
33.562056	6.98448	3.0	79.2241	-58.8943	29953100.0	964.117	4.0	1031.0	83.0	1018.0	43.0	0.0	396.0	9	left	1
33.662596	6.96328	3.0	78.7473	-58.8629	26605100.0	957.721	6.0	926.0	60.0	970.0	56.0	130.0	358.0	9	left	1
33.763005	7.0	3.0	79.8573	-59.0511	23555000.0	973.127	1.0	841.0	54.0	837.0	32.0	221.0	289.0	9	left	1
33.863968	6.94527	3.0	79.7512	-58.9403	22572900.0	966.399	17.0	804.0	54.0	834.0	37.0	0.0	280.0	9	left	1
33.964658	7.0	3.0	79.8578	-59.0462	23987300.0	973.134	6.0	844.0	44.0	854.0	40.0	0.0	292.0	9	left	1
34.064786	7.0	3.0	79.9507	-59.0123	23114100.0	974.353	4.0	811.0	57.0	837.0	25.0	128.0	262.0	9	left	1
34.165044	7.0	3.0	79.8575	-58.9513	23847700.0	973.129	1.0	842.0	42.0	840.0	24.0	0.0	284.0	9	left	1
34.265395	7.0	3.0	79.9014	-59.0518	22898200.0	973.705	11.0	811.0	63.0	817.0	37.0	1480.0	262.0	9	left	1
34.365896	7.0	3.0	79.9083	-59.0608	24759600.0	973.796	2.0	872.0	65.0	854.0	33.0	0.0	317.0	9	left	1
34.466013	7.0	3.0	79.75	-59.0337	22579900.0	971.719	5.0	800.0	47.0	830.0	30.0	1026.0	285.0	9	left	1
34.566679	7.0	3.0	79.9531	-59.0833	24074000.0	974.384	1.0	852.0	55.0	848.0	31.0	0.0	300.0	9	left	1
34.667176	7.0	3.0	79.9007	-59.0112	22770000.0	973.697	1.0	806.0	43.0	868.0	35.0	0.0	275.0	9	left	1
34.768016	7.0	3.0	80.0	-59.0268	24081600.0	975.0	3.0	857.0	40.0	872.0	39.0	256.0	270.0	9	left	1
34.868366	6.99651	3.0	79.8137	-59.0466	24483500.0	972.398	2.0	859.0	62.0	867.0	32.0	0.0	335.0	9	left	1
34.968919	6.99524	3.0	79.8097	-59.0219	30365800.0	972.288	2.0	1051.0	49.0	1060.0	46.0	1008.0	381.0	9	left	1
35.069465	6.97529	3.0	79.0118	-58.9729	24351800.0	960.918	2.0	850.0	69.0	867.0	52.0	64.0	301.0	9	left	1
35.170521	6.98926	3.0	79.3795	-59.0048	23521400.0	966.372	0.0	838.0	43.0	847.0	37.0	0.0	273.0	9	left	1
35.271544	6.97791	3.0	79.0233	-58.9244	24265000.0	961.186	6.0	860.0	65.0	846.0	25.0	0.0	309.0	9	left	1
35.372781	7.0	3.0	80.0	-59.0361	25113600.0	975.0	6.0	886.0	68.0	860.0	27.0	0.0	275.0	9	left	1
35.473902	7.0	3.0	79.3035	-58.9925	22584500.0	965.858	6.0	804.0	38.0	851.0	40.0	512.0	238.0	9	left	1
35.574321	7.0	3.0	80.0	-59.0283	22810000.0	975.0	1.0	814.0	33.0	826.0	28.0	0.0	241.0	9	left	1
35.674675	7.0	3.0	80.0	-59.0921	23774700.0	975.0	5.0	836.0	58.0	860.0	36.0	256.0	256.0	9	left	1
35.775575	7.0	3.0	80.0	-58.9	23468800.0	975.0	15.0	840.0	65.0	856.0	49.0	128.0	280.0	9	left	1
35.876803	7.0	3.0	79.9528	-58.9469	24070200.0	974.38	16.0	847.0	76.0	850.0	47.0	0.0	291.0	9	left	1
35.977025	5.01156	3.0	80.0	-56.6393	24912600.0	781.127	2.0	865.0	19.0	869.0	7.0	0.0	3.0	9	left	1
36.078268	6.87168	2.50885	79.646	-59.8274	6535140.0	810.518	24.0	226.0	20.0	972.0	60.0	2136.0	109.0	9	left	1
36.179377	5.8434	2.97904	79.8027	-57.439	23524700.0	853.27	36.0	811.0	73.0	945.0	35.0	0.0	161.0	9	left	1
36.279384	5.83366	3.0	80.0	-57.5851	30244000.0	861.281	24.0	1034.0	54.0	1023.0	30.0	0.0	169.0	9	left	1
36.379613	5.53795	3.0	79.9554	-57.3147	25865700.0	831.864	22.0	896.0	51.0	904.0	20.0	0.0	94.0	9	left	1
36.479615	6.87321	3.0	79.9043	-58.8493	23750400.0	961.382	10.0	836.0	96.0	807.0	28.0	0.0	234.0	9	left	1
36.579621	6.99094	2.98301	79.5923	-58.8834	25622600.0	964.497	42.0	883.0	136.0	950.0	62.0	0.0	363.0	9	left	1
36.679733	7.0	3.0	79.9592	-59.0776	28286700.0	974.464	3.0	980.0	34.0	1016.0	41.0	0.0	343.0	9	left	1
36.780093	6.99504	3.0	79.7225	-58.9366	29230600.0	971.135	11.0	1009.0	67.0	1043.0	52.0	128.0	353.0	9	left	1
36.880127	6.98818	3.0	79.5271	-58.9557	29362100.0	968.261	5.0	1015.0	63.0	1021.0	47.0	384.0	344.0	9	left	1
36.981225	6.71965	3.0	78.6483	-58.6358	22537900.0	931.633	9.0	799.0	44.0	817.0	35.0	3201.0	251.0	9	left	1
37.081357	6.99054	3.0	79.4799	-58.9385	24107500.0	967.748	6.0	846.0	44.0	843.0	35.0	0.0	275.0	9	left	1
37.181359	7.0	3.0	79.9021	-59.0734	23134200.0	973.715	7.0	817.0	36.0	852.0	28.0	1924.0	248.0	9	left	1
37.282616	7.0	3.0	79.8605	-59.0535	23954900.0	973.169	1.0	860.0	46.0	848.0	25.0	0.0	257.0	9	left	1
37.382795	6.98663	3.0	79.3196	-59.0073	23188300.0	965.468	5.0	823.0	31.0	846.0	25.0	0.0	262.0	9	left	1
37.482995	6.98815	3.0	79.5261	-58.9893	23802700.0	968.246	2.0	844.0	47.0	840.0	29.0	0.0	238.0	9	left	1
37.583592	6.1119	3.0	79.0476	-57.8488	23749300.0	877.161	11.0	840.0	65.0	818.0	17.0	0.0	164.0	9	left	1
37.683676	6.77549	3.0	79.9542	-58.7675	25121000.0	952.509	1.0	873.0	53.0	855.0	27.0	0.0	240.0	9	left	1
37.783679	6.98157	3.0	79.1155	-58.9951	23131400.0	962.561	4.0	814.0	33.0	834.0	43.0	0.0	278.0	9	left	1
37.884360	6.98826	3.0	79.5305	-58.9953	23905400.0	968.31	3.0	852.0	48.0	850.0	26.0	259.0	238.0	9	left	1
37.984907	6.98034	3.0	78.9189	-58.9263	23067100.0	959.926	5.0	814.0	75.0	819.0	41.0	2336.0	285.0	9	left	1
38.085659	6.99316	3.0	79.7263	-59.0285	24597500.0	971.1	1.0	877.0	47.0	869.0	29.0	0.0	270.0	9	left	1
38.186806	6.97725	3.0	78.8168	-58.9363	24650800.0	958.447	8.0	879.0	58.0	889.0	33.0	0.0	298.0	9	left	1
38.287459	6.994	3.0	79.7602	-58.9928	23539100.0	971.583	1.0	834.0	48.0	817.0	27.0	0.0	240.0	9	left	1
38.387900	6.98037	3.0	78.9838	-58.9157	24438300.0	960.779	7.0	866.0	69.0	849.0	27.0	2561.0	291.0	9	left	1
38.488270	6.99129	3.0	79.6518	-58.9478	26464300.0	970.038	1.0	919.0	34.0	947.0	36.0	0.0	323.0	9	left	1
38.588696	6.9787	3.0	79.1481	-58.8661	28638500.0	962.86	0.0	986.0	63.0	989.0	43.0	0.0	354.0	9	left	1
38.688937	6.99081	3.0	79.6323	-59.0041	28264200.0	969.76	5.0	979.0	46.0	988.0	44.0	256.0	331.0	9	left	1
38.789701	6.98056	3.0	79.0497	-58.9136	26563100.0	961.652	11.0	926.0	63.0	966.0	60.0	0.0	381.0	9	left	1
38.891162	6.9674	3.0	78.6962	-58.9313	24497200.0	956.42	11.0	859.0	52.0	863.0	45.0	2176.0	276.0	9	left	1
38.991339	6.9916	3.0	79.4718	-59.0312	23393900.0	967.689	4.0	833.0	37.0	839.0	30.0	645.0	291.0	9	left	1
39.091874	6.96716	3.0	78.6864	-58.9153	27162800.0	956.282	7.0	944.0	66.0	951.0	50.0	2050.0	319.0	9	left	1
39.191878	6.99129	3.0	79.5353	-59.0261	29958500.0	968.509	3.0	1033.0	54.0	1036.0	38.0	0.0	396.0	9	left	1
39.292852	6.96639	3.0	78.5594	-58.8283	23610600.0	954.58	2.0	833.0	68.0	858.0	58.0	128.0	336.0	9	left	1
39.393827	6.98764	3.0	79.5056	-58.9775	25091900.0	967.955	7.0	890.0	75.0	847.0	22.0	1280.0	322.0	9	left	1
39.494796	6.98418	3.0	79.3671	-59.0232	27123700.0	965.981	7.0	948.0	71.0	971.0	66.0	0.0	365.0	9	left	1
39.595818	6.99159	3.0	79.6635	-58.9916	27142100.0	970.205	2.0	951.0	44.0	977.0	41.0	0.0	353.0	9	left	1
39.697025	6.97254	3.0	78.9015	-59.017	30186900.0	959.347	2.0	1056.0	77.0	1058.0	37.0	1496.0	385.0	9	left	1
39.798035	6.98855	3.0	79.4656	-59.0534	30210700.0	967.471	7.0	1048.0	56.0	1063.0	55.0	2065.0	394.0	9	left	1
39.898829	6.98043	3.0	79.1389	-58.9687	29580500.0	962.818	5.0	1022.0	68.0	1027.0	48.0	130.0	412.0	9	left	1
40.000088	7.0	3.0	79.8826	-59.1859	29384600.0	973.459	0.0	1022.0	67.0	1037.0	43.0	0.0	377.0	9	left	1
40.100601	6.98686	3.0	79.4743	-58.9233	26465900.0	968.069	6.0	913.0	61.0	911.0	30.0	2048.0	355.0	9	left	1
40.201426	6.98607	3.0	79.4429	-58.9647	31172000.0	967.061	0.0	1077.0	80.0	1053.0	37.0	0.0	364.0	9	left	1
40.301654	6.98421	3.0	79.3682	-59.0652	29167600.0	965.997	6.0	1013.0	43.0	1054.0	52.0	512.0	382.0	9	left	1
40.401744	7.0	3.0	80.0	-59.0221	30149800.0	975.0	10.0	1040.0	51.0	1064.0	43.0	1026.0	359.0	9	left	1
40.501785	6.98901	3.0	79.3846	-58.9956	26093600.0	966.429	18.0	910.0	46.0	940.0	35.0	4099.0	334.0	9	left	1
40.603016	6.98125	3.0	79.25	-58.9462	22512000.0	964.312	9.0	800.0	48.0	798.0	28.0	0.0	290.0	9	left	1
40.703086	6.98094	3.0	79.0851	-58.9365	22490800.0	962.135	5.0	787.0	45.0	802.0	34.0	512.0	231.0	9	left	1
40.803800	7.0	3.0	79.9037	-59.0734	23311600.0	973.736	4.0	831.0	42.0	829.0	28.0	0.0	257.0	9	left	1
40.904026	7.0	3.0	79.8989	-59.0316	22520200.0	973.673	14.0	791.0	45.0	810.0	25.0	0.0	234.0	9	left	1
41.004889	7.0	3.0	79.8104	-58.9893	23692100.0	972.512	4.0	844.0	47.0	837.0	38.0	1024.0	301.0	9	left	1
41.105621	7.0	3.0	79.9543	-58.9498	24690000.0	974.401	20.0	876.0	74.0	870.0	37.0	0.0	301.0	9	left	1
41.206237	6.61312	3.0	79.7285	-58.5566	25235600.0	934.072	1.0	884.0	55.0	875.0	28.0	0.0	265.0	9	left	1
41.306749	5.04984	2.99377	79.2523	-56.7778	28232700.0	774.134	9.0	963.0	10.0	1035.0	11.0	0.0	20.0	9	left	1
41.406864	8.55932	2.17797	75.2542	-61.9831	3505240.0	819.297	1.0	118.0	5.0	1030.0	76.0	3096.0	112.0	9	left	1
41.507066	6.98885	2.99628	79.1078	-58.9455	23345000.0	962.048	7.0	807.0	43.0	1001.0	38.0	2123.0	278.0	9	left	1
41.607334	6.98999	3.0	79.5996	-59.0634	25860600.0	969.294	0.0	899.0	21.0	933.0	39.0	0.0	291.0	9	left	1
41.707763	6.99805	3.0	79.922	-59.0098	29571500.0	973.888	3.0	1025.0	51.0	1018.0	35.0	0.0	345.0	9	left	1
41.808489	6.97586	3.0	79.0342	-58.9155	28499400.0	961.237	6.0	994.0	72.0	1003.0	38.0	2535.0	345.0	9	left	1
41.908728	6.9888	3.0	79.5519	-59.0305	28404500.0	968.615	5.0	982.0	55.0	978.0	36.0	2430.0	330.0	9	left	1
42.009708	6.97849	3.0	78.9964	-58.9295	23493400.0	960.86	5.0	837.0	41.0	852.0	29.0	0.0	277.0	9	left	1
42.110333	7.0	3.0	79.7196	-59.0409	24265200.0	971.32	7.0	856.0	84.0	841.0	37.0	0.0	269.0	9	left	1
42.210459	7.0	3.0	79.3179	-59.0451	23470400.0	966.048	5.0	821.0	50.0	853.0	32.0	0.0	249.0	9	left	1
42.311105	7.0	3.0	80.0	-59.1599	23478100.0	975.0	3.0	832.0	56.0	825.0	30.0	5121.0	229.0	9	left	1
42.411111	6.97521	3.0	78.9138	-58.941	24046900.0	959.628	2.0	847.0	53.0	845.0	37.0	0.0	249.0	9	left	1
42.511114	6.99499	3.0	79.7497	-58.9762	22682400.0	971.489	1.0	799.0	29.0	799.0	25.0	0.0	226.0	9	left	1
42.611484	6.98363	3.0	79.1436	-58.9798	22549200.0	963.023	8.0	794.0	52.0	791.0	29.0	17.0	242.0	9	left	1
42.711863	6.9929	3.0	79.716	-59.0722	24077300.0	970.953	0.0	845.0	62.0	826.0	27.0	0.0	242.0	9	left	1
42.812531	6.97536	3.0	78.8586	-58.8612	21580200.0	958.911	1.0	771.0	22.0	796.0	32.0	128.0	221.0	9	left	1
42.913228	7.0	3.0	79.911	-59.0679	25584700.0	973.832	8.0	899.0	69.0	886.0	33.0	64.0	302.0	9	left	1
43.014149	6.9716	3.0	78.8641	-58.8012	28094300.0	958.813	8.0	986.0	39.0	1029.0	41.0	0.0	343.0	9	left	1
43.115567	6.99404	3.0	79.7614	-58.9662	28672800.0	971.6	4.0	1006.0	50.0	1009.0	42.0	0.0	324.0	9	left	1
43.216502	6.98323	3.0	79.3294	-58.9704	29115300.0	965.444	3.0	1014.0	32.0	1060.0	52.0	2056.0	316.0	9	left	1
43.317538	6.99329	3.0	79.7315	-59.1064	29781900.0	971.174	4.0	1043.0	62.0	1021.0	31.0	1016.0	346.0	9	left	1
43.418281	6.97785	3.0	79.0295	-59.0306	27305600.0	961.266	3.0	948.0	67.0	936.0	32.0	0.0	284.0	9	left	1
43.518894	6.98563	3.0	79.4253	-58.9377	30192600.0	966.81	1.0	1044.0	51.0	1042.0	30.0	0.0	345.0	9	left	1
43.619905	6.98912	3.0	79.4461	-59.0277	28911100.0	967.24	5.0	1011.0	54.0	1018.0	35.0	3456.0	321.0	9	left	1
43.720862	7.0	3.0	79.7912	-59.0752	27523700.0	972.26	1.0	958.0	55.0	986.0	52.0	256.0	344.0	9	left	1
43.821856	7.0	3.0	79.9161	-59.1132	27270200.0	973.899	9.0	954.0	75.0	959.0	34.0	0.0	338.0	9	left	1
43.922969	7.0	3.0	80.0	-59.1511	23845300.0	975.0	3.0	847.0	45.0	830.0	20.0	0.0	214.0	9	left	1
44.022976	7.0	3.0	79.574	-59.116	24255200.0	969.408	7.0	845.0	87.0	845.0	32.0	0.0	278.0	9	left	1
44.124183	6.75392	3.0	79.7105	-58.7274	23283200.0	947.207	7.0	829.0	80.0	834.0	33.0	0.0	289.0	9	left	1
44.225118	8.51562	2.11719	78.75	-62.5312	3694900.0	839.969	5.0	128.0	26.0	858.0	78.0	1187.0	124.0	9	left	1
44.325405	8.81356	2.09322	79.322	-62.6102	3395240.0	867.263	5.0	118.0	3.0	839.0	86.0	134.0	113.0	9	left	1
44.427074	7.136	2.932	79.92	-59.334	13738000.0	966.538	1.0	500.0	20.0	832.0	46.0	4910.0	168.0	9	left	1
44.527820	7.0	3.0	79.9519	-59.0349	23272900.0	974.368	15.0	831.0	41.0	869.0	34.0	256.0	293.0	9	left	1
44.628546	7.0	3.0	80.0	-59.0621	23924400.0	975.0	2.0	853.0	54.0	838.0	25.0	0.0	287.0	9	left	1
44.728817	5.19298	2.9989	79.9123	-57.0779	26167600.0	797.331	1.0	912.0	31.0	920.0	10.0	257.0	42.0	9	left	1
44.829772	6.97868	3.0	79.9225	-59.0174	29588000.0	971.904	2.0	1032.0	49.0	1039.0	43.0	1315.0	352.0	9	left	1
44.930738	7.0	3.0	79.7938	-59.0691	27754900.0	972.294	9.0	970.0	63.0	1007.0	51.0	129.0	353.0	9	left	1
45.031599	7.0	3.0	80.0	-59.1605	29864900.0	975.0	5.0	1047.0	64.0	1043.0	38.0	2057.0	355.0	9	left	1
45.131789	6.97314	3.0	78.8017	-58.8802	27908300.0	958.063	16.0	968.0	59.0	982.0	37.0	2304.0	350.0	9	left	1
45.232248	6.99586	3.0	79.8344	-59.0093	27681800.0	972.64	1.0	966.0	53.0	988.0	53.0	0.0	348.0	9	left	1
45.333862	6.97564	3.0	79.0254	-58.9831	26830900.0	961.112	6.0	944.0	35.0	973.0	45.0	0.0	340.0	9	left	1
45.434818	6.99513	3.0	79.6491	-58.9951	29355800.0	970.175	1.0	1026.0	70.0	1028.0	37.0	0.0	400.0	9	left	1
45.536054	6.98081	3.0	79.2324	-58.9915	26851000.0	964.062	7.0	938.0	57.0	953.0	35.0	517.0	348.0	9	left	1
45.636312	6.98975	3.0	79.59	-59.0467	25019100.0	969.157	3.0	878.0	35.0	890.0	28.0	0.0	325.0	9	left	1
45.737168	6.97564	3.0	78.8983	-58.9492	27032600.0	959.444	10.0	944.0	49.0	970.0	43.0	0.0	372.0	9	left	1
45.837941	6.68056	3.0	79.7619	-58.6389	29214000.0	941.042	27.0	1008.0	121.0	962.0	36.0	0.0	349.0	9	left	1
45.937946	6.99019	3.0	79.3719	-58.9745	29703700.0	966.315	16.0	1019.0	106.0	1040.0	65.0	512.0	433.0	9	left	1
46.038827	6.99134	3.0	79.6535	-58.9442	29882700.0	970.063	12.0	1039.0	79.0	1045.0	59.0	0.0	417.0	9	left	1
46.138890	6.471	3.0	78.52	-58.217	29068700.0	905.835	31.0	1000.0	84.0	987.0	47.0	5377.0	298.0	9	left	1
46.239283	6.9858	3.0	79.2698	-58.9361	28467100.0	964.777	16.0	986.0	106.0	972.0	57.0	0.0	362.0	9	left	1
46.339929	7.53492	2.27302	77.8413	-61.4667	18313400.0	788.563	23.0	630.0	71.0	962.0	133.0	5198.0	420.0	9	left	1
46.440332	6.76759	2.55402	79.397	-59.956	23002900.0	814.504	16.0	796.0	64.0	1008.0	111.0	3604.0	356.0	9	left	1
46.540335	5.01672	3.0	79.3314	-56.6342	29718700.0	773.732	11.0	1017.0	13.0	1025.0	11.0	3072.0	17.0	9	left	1
46.641287	5.80437	2.99891	79.8251	-57.5279	26082200.0	856.028	16.0	915.0	55.0	908.0	24.0	0.0	181.0	9	left	1
46.742858	6.71729	2.99889	78.9357	-58.5078	25970000.0	934.353	38.0	902.0	179.0	855.0	52.0	3074.0	348.0	9	left	1
46.843068	6.5249	2.8908	79.5402	-58.5594	15079200.0	889.448	24.0	522.0	72.0	911.0	61.0	724.0	179.0	9	left	1
46.943727	8.04878	2.47561	79.0244	-61.0671	4799000.0	905.037	9.0	164.0	17.0	845.0	75.0	6213.0	119.0	9	left	1
47.043885	7.0	3.0	79.8531	-59.0881	23220400.0	973.072	3.0	817.0	42.0	820.0	27.0	0.0	280.0	9	left	1
47.143888	7.0	3.0	79.9037	-59.071	23537600.0	973.736	8.0	831.0	44.0	848.0	34.0	128.0	288.0	9	left	1
47.244564	7.0	3.0	80.0	-59.1328	29124700.0	975.0	5.0	1009.0	65.0	1014.0	36.0	2305.0	368.0	9	left	1
47.345482	7.0	3.0	79.96	-59.1678	28840600.0	974.476	3.0	1001.0	87.0	980.0	45.0	0.0	356.0	9	left	1
47.446461	7.0	3.0	79.9618	-59.0621	30177600.0	974.498	18.0	1046.0	77.0	1058.0	44.0	1277.0	425.0	9	left	1
47.547192	7.0	3.0	80.0	-59.0348	28868700.0	975.0	3.0	1007.0	68.0	1013.0	47.0	248.0	393.0	9	left	1
47.647418	6.99039	3.0	79.4877	-59.0203	26789200.0	967.844	15.0	937.0	54.0	972.0	51.0	488.0	357.0	9	left	1
47.747701	6.99072	3.0	79.6289	-59.0588	28021500.0	969.711	7.0	970.0	58.0	971.0	38.0	134.0	363.0	9	left	1
47.848566	6.96437	3.0	78.5748	-58.9406	23747900.0	954.691	3.0	842.0	51.0	850.0	39.0	1009.0	348.0	9	left	1
47.948946	6.99045	3.0	79.4904	-59.0701	27143800.0	967.882	7.0	942.0	64.0	932.0	35.0	0.0	360.0	9	left	1
48.049358	6.95833	3.0	78.3333	-58.9348	26678000.0	951.25	4.0	936.0	53.0	980.0	63.0	0.0	406.0	9	left	1
48.150192	6.98736	3.0	79.3678	-59.0801	26967500.0	966.133	4.0	949.0	65.0	944.0	41.0	0.0	401.0	9	left	1
48.250995	6.97902	3.0	79.1209	-59.0549	28917200.0	962.517	2.0	1001.0	68.0	1030.0	54.0	0.0	380.0	9	left	1
48.352521	6.98931	3.0	79.5724	-59.0126	29492300.0	968.907	4.0	1029.0	67.0	1045.0	56.0	512.0	434.0	9	left	1
48.453289	6.97784	3.0	78.9658	-58.9538	31073600.0	960.429	7.0	1083.0	72.0	1092.0	51.0	4864.0	437.0	9	left	1
48.554033	6.99534	3.0	79.8136	-59.0699	30924000.0	972.344	1.0	1073.0	71.0	1059.0	46.0	256.0	378.0	9	left	1
48.654250	6.97074	3.0	78.8297	-59.0282	27712200.0	958.323	8.0	957.0	59.0	950.0	37.0	0.0	344.0	9	left	1
48.755434	6.9901	3.0	79.4851	-59.0822	28981300.0	967.797	3.0	1010.0	85.0	982.0	46.0	3714.0	369.0	9	left	1
48.855860	6.97631	3.0	79.0525	-58.9063	27770200.0	961.498	6.0	971.0	46.0	986.0	36.0	0.0	332.0	9	left	1
48.956386	6.99264	3.0	79.6215	-59.061	27201300.0	969.811	2.0	951.0	66.0	952.0	36.0	0.0	350.0	9	left	1
49.056725	7.0	3.0	79.8222	-59.0	25767500.0	972.667	3.0	900.0	33.0	965.0	39.0	1288.0	323.0	9	left	1
49.156841	7.0	3.0	80.0	-59.1122	26879600.0	975.0	0.0	936.0	47.0	959.0	39.0	0.0	310.0	9	left	1
49.256894	7.0	3.0	79.9143	-59.0472	26848000.0	973.875	4.0	933.0	50.0	968.0	31.0	114.0	352.0	9	left	1
49.357320	6.98503	3.0	79.4012	-58.9671	28924400.0	966.467	2.0	1002.0	57.0	998.0	39.0	0.0	342.0	9	left	1
49.458224	6.98945	3.0	79.5781	-59.0253	26872300.0	968.987	7.0	948.0	58.0	962.0	40.0	0.0	308.0	9	left	1
49.558646	6.99057	3.0	79.5807	-59.1289	27383200.0	969.072	1.0	954.0	47.0	952.0	41.0	0.0	336.0	9	left	1
49.658773	6.97925	3.0	79.0041	-59.0207	27696400.0	960.996	4.0	964.0	78.0	933.0	21.0	513.0	337.0	9	left	1
49.759120	6.99293	3.0	79.7172	-59.0505	28515600.0	970.97	2.0	990.0	63.0	987.0	37.0	0.0	375.0	9	left	1
49.859438	5.97403	3.0	78.658	-57.7695	26572100.0	859.058	9.0	924.0	48.0	937.0	24.0	64.0	142.0	9	left	1
49.959814	6.14228	3.0	78.9431	-57.9533	28333300.0	878.887	4.0	984.0	50.0	974.0	25.0	2768.0	209.0	9	left	1
50.060275	6.96762	3.0	78.6286	-58.921	30256700.0	955.543	5.0	1050.0	69.0	1032.0	40.0	1024.0	395.0	9	left	1
50.160649	6.97424	3.0	78.829	-58.9789	24340300.0	958.472	4.0	854.0	78.0	842.0	29.0	0.0	272.0	9	left	1
50.261268	6.99653	3.0	79.8613	-59.0705	24380500.0	973.023	3.0	865.0	44.0	855.0	27.0	0.0	279.0	9	left	1
50.362559	6.9677	3.0	78.6124	-58.9557	23390800.0	955.335	6.0	836.0	48.0	834.0	25.0	240.0	234.0	9	left	1
50.462951	6.99317	3.0	79.6359	-59.0114	24672500.0	969.915	4.0	879.0	58.0	853.0	22.0	2018.0	269.0	9	left	1
50.563036	6.99042	3.0	79.521	-59.0563	23898300.0	968.281	14.0	835.0	78.0	813.0	31.0	256.0	266.0	9	left	1
50.663061	7.0	3.0	80.0	-59.0974	23692100.0	975.0	1.0	842.0	49.0	831.0	23.0	0.0	280.0	9	left	1
50.764112	7.0	3.0	79.8596	-59.0561	24193200.0	973.158	3.0	855.0	56.0	859.0	24.0	0.0	260.0	9	left	1
50.864774	7.0	3.0	79.8559	-59.1152	23610900.0	973.109	5.0	833.0	46.0	842.0	33.0	261.0	244.0	9	left	1
50.965190	7.0	3.0	79.803	-59.0123	23094000.0	972.414	6.0	812.0	83.0	783.0	28.0	0.0	269.0	9	left	1
51.066042	7.0	3.0	80.0	-59.1377	23462500.0	975.0	4.0	835.0	54.0	826.0	28.0	0.0	233.0	9	left	1
51.166482	7.0	3.0	79.7122	-59.0719	23482500.0	971.223	4.0	834.0	37.0	863.0	27.0	256.0	240.0	9	left	1
51.267673	7.0	3.0	79.3875	-58.9647	23722600.0	966.961	2.0	849.0	57.0	848.0	36.0	64.0	258.0	9	left	1
51.368857	6.99172	3.0	79.574	-59.0024	23691300.0	969.036	9.0	845.0	44.0	870.0	43.0	0.0	253.0	9	left	1
51.469825	6.98575	3.0	79.4299	-59.0344	23320800.0	966.876	1.0	842.0	46.0	830.0	23.0	0.0	227.0	9	left	1
51.571037	6.98606	3.0	79.4423	-58.9962	21834000.0	967.053	7.0	789.0	55.0	792.0	32.0	1158.0	229.0	9	left	1
51.671923	6.99204	3.0	79.6815	-59.041	24656600.0	970.461	3.0	879.0	44.0	868.0	25.0	0.0	284.0	9	left	1
51.772750	6.9869	3.0	79.4762	-58.9452	23771300.0	967.536	6.0	840.0	47.0	864.0	26.0	130.0	221.0	9	left	1
51.872834	7.0	3.0	79.7416	-59.0866	22085000.0	971.609	5.0	774.0	64.0	772.0	32.0	0.0	240.0	9	left	1
51.972844	7.0	3.0	79.7653	-59.0599	24216600.0	971.919	1.0	852.0	52.0	847.0	23.0	0.0	240.0	9	left	1
52.073990	7.0	3.0	79.8646	-59.1648	24986300.0	973.222	5.0	886.0	60.0	875.0	27.0	0.0	240.0	9	left	1
52.174954	7.0	3.0	79.7619	-59.0881	23722600.0	971.875	1.0	840.0	70.0	852.0	39.0	0.0	246.0	9	left	1
52.275014	7.0	3.0	79.9181	-59.0768	28238500.0	973.925	1.0	977.0	59.0	967.0	28.0	2048.0	328.0	9	left	1
52.375085	7.0	3.0	79.4907	-59.0695	29581900.0	968.315	7.0	1021.0	96.0	990.0	29.0	0.0	334.0	9	left	1
52.475840	7.0	3.0	79.9218	-59.1026	29413200.0	973.974	3.0	1023.0	76.0	1004.0	43.0	1024.0	341.0	9	left	1
52.575948	7.0	3.0	79.8841	-59.0947	30035700.0	973.478	3.0	1035.0	69.0	1025.0	36.0	641.0	358.0	9	left	1
52.677281	7.0	3.0	80.0	-59.1209	27958400.0	975.0	9.0	976.0	59.0	983.0	39.0	639.0	326.0	9	left	1
52.778277	7.0	3.0	79.8454	-59.0609	29652600.0	972.971	2.0	1035.0	48.0	1049.0	45.0	259.0	360.0	9	left	1
52.878827	6.98448	3.0	79.3792	-59.0611	29839100.0	966.154	6.0	1031.0	102.0	1003.0	34.0	0.0	379.0	9	left	1
52.979091	6.98921	3.0	79.3959	-59.0583	26396100.0	966.586	8.0	927.0	46.0	917.0	29.0	256.0	344.0	9	left	1
53.079100	6.98067	3.0	79.0977	-58.9356	26842400.0	962.288	17.0	931.0	67.0	951.0	46.0	0.0	345.0	9	left	1
53.179528	6.99276	3.0	79.7104	-59.1075	27631800.0	970.874	3.0	967.0	48.0	979.0	50.0	4238.0	387.0	9	left	1
53.279738	6.99684	3.0	79.7468	-59.0179	27194700.0	971.535	14.0	948.0	53.0	973.0	45.0	0.0	374.0	9	left	1
53.379882	7.0	3.0	80.0	-59.121	26171800.0	975.0	4.0	909.0	62.0	895.0	38.0	128.0	352.0	9	left	1
53.481087	6.99041	3.0	79.6162	-59.0864	26694500.0	969.531	13.0	938.0	62.0	961.0	34.0	0.0	333.0	9	left	1
53.581813	7.0	3.0	80.0	-59.0595	28498600.0	975.0	2.0	992.0	65.0	986.0	36.0	1282.0	411.0	9	left	1
53.682944	5.77232	3.0	79.8661	-57.6842	25487100.0	853.544	1.0	896.0	32.0	916.0	18.0	0.0	122.0	9	left	1
53.784024	6.63443	3.0	79.9575	-58.7237	26671700.0	938.799	0.0	941.0	40.0	958.0	35.0	0.0	291.0	9	left	1
53.884030	6.99182	3.0	79.5327	-59.118	24461100.0	968.499	6.0	856.0	50.0	866.0	30.0	0.0	343.0	9	left	1
53.984633	6.98935	3.0	79.574	-59.0568	23902500.0	968.929	3.0	845.0	65.0	833.0	33.0	132.0	335.0	9	left	1
54.084653	6.99206	3.0	79.6825	-59.0926	21435600.0	970.476	2.0	756.0	31.0	778.0	33.0	0.0	268.0	9	left	1
54.185926	6.99194	3.0	79.6774	-59.0979	24450000.0	970.403	1.0	868.0	42.0	862.0	34.0	3072.0	308.0	9	left	1
54.286865	6.98526	3.0	79.2744	-58.9785	24927800.0	964.813	3.0	882.0	44.0	890.0	37.0	0.0	282.0	9	left	1
54.387857	6.99503	3.0	79.6421	-59.162	28837900.0	970.08	6.0	1006.0	69.0	1000.0	45.0	2053.0	384.0	9	left	1
54.488434	6.99696	3.0	79.7166	-58.9939	28581400.0	971.144	15.0	988.0	52.0	1027.0	61.0	128.0	416.0	9	left	1
54.588735	6.9921	3.0	79.6841	-59.0099	29041600.0	970.499	3.0	1013.0	46.0	1033.0	52.0	129.0	408.0	9	left	1
54.689600	6.97674	3.0	79.0698	-58.9484	28471400.0	961.744	3.0	989.0	53.0	1019.0	51.0	1024.0	387.0	9	left	1
54.790531	6.99432	3.0	79.7727	-59.1061	30435700.0	971.761	5.0	1056.0	55.0	1067.0	51.0	0.0	421.0	9	left	1
54.891485	6.97849	3.0	79.1398	-58.9472	29474700.0	962.742	10.0	1023.0	58.0	1051.0	52.0	515.0	405.0	9	left	1
54.992352	6.9934	3.0	79.5853	-59.0631	30726800.0	969.26	5.0	1061.0	75.0	1061.0	50.0	1537.0	411.0	9	left	1
55.092892	7.0	3.0	79.9099	-59.1903	25361000.0	973.818	3.0	888.0	63.0	919.0	53.0	514.0	348.0	9	left	1
55.193774	7.0	3.0	79.917	-59.168	27385200.0	973.911	4.0	964.0	48.0	988.0	39.0	160.0	407.0	9	left	1
55.294652	7.0	3.0	79.7879	-59.0562	26980500.0	972.216	4.0	943.0	55.0	951.0	38.0	1.0	432.0	9	left	1
55.394899	7.0	3.0	79.9571	-59.1104	26766600.0	974.437	2.0	933.0	49.0	944.0	50.0	2304.0	419.0	9	left	1
55.495990	7.0	3.0	79.96	-59.1191	28503800.0	974.474	3.0	999.0	72.0	1011.0	54.0	0.0	411.0	9	left	1
55.596575	6.99174	3.0	79.5872	-59.066	28190000.0	969.211	13.0	969.0	74.0	970.0	41.0	2048.0	424.0	9	left	1
55.696911	6.99037	3.0	79.615	-59.169	26968300.0	969.513	3.0	935.0	53.0	965.0	54.0	3264.0	381.0	9	left	1
55.796983	6.17008	3.0	79.0958	-58.0291	27080400.0	883.402	20.0	929.0	34.0	930.0	30.0	0.0	252.0	9	left	1
55.896986	5.03452	3.0	79.6882	-56.7962	25850400.0	779.683	6.0	898.0	16.0	895.0	6.0	0.0	21.0	9	left	1
55.997246	6.4717	3.0	78.8878	-58.3168	29181000.0	910.144	34.0	1007.0	126.0	976.0	50.0	433.0	337.0	9	left	1
56.098121	5.79793	2.99793	79.9585	-57.6829	27579800.0	856.624	15.0	965.0	74.0	941.0	27.0	0.0	136.0	9	left	1
56.198126	7.0	3.0	79.778	-58.8779	26016300.0	972.087	22.0	901.0	109.0	896.0	52.0	252.0	395.0	9	left	1
56.298422	5.87486	3.0	79.9549	-57.6268	25554300.0	864.707	36.0	887.0	95.0	856.0	35.0	0.0	186.0	9	left	1
56.398970	5.56687	3.0	79.0535	-57.1852	28154500.0	823.981	30.0	972.0	60.0	975.0	28.0	0.0	141.0	9	left	1
56.499390	5.07211	3.0	79.6205	-56.8454	30480300.0	782.547	14.0	1054.0	38.0	1039.0	7.0	0.0	36.0	9	left	1
56.600155	5.68698	3.0	78.8017	-57.4897	28180500.0	832.608	16.0	968.0	72.0	980.0	32.0	2062.0	186.0	9	left	1
56.700417	6.76553	3.0	80.0	-58.7485	28769600.0	952.139	12.0	998.0	130.0	956.0	55.0	389.0	406.0	9	left	1
56.800850	7.0	3.0	79.8496	-59.119	22747200.0	973.026	10.0	798.0	71.0	806.0	38.0	0.0	281.0	9	left	1
56.901844	7.0	3.0	79.9541	-59.1963	24533400.0	974.397	5.0	871.0	53.0	873.0	33.0	0.0	300.0	9	left	1
57.002185	7.0	3.0	79.8133	-59.1505	24441400.0	972.55	9.0	857.0	64.0	849.0	29.0	256.0	262.0	9	left	1
57.102445	7.0	3.0	80.0	-59.1005	23488200.0	975.0	5.0	826.0	40.0	831.0	29.0	4.0	275.0	9	left	1
57.203295	6.99788	3.0	79.7881	-59.1631	26686600.0	972.124	22.0	944.0	70.0	960.0	45.0	514.0	325.0	9	left	1
57.303817	6.99425	3.0	79.7699	-59.0949	29978800.0	971.721	4.0	1043.0	59.0	1037.0	34.0	1537.0	357.0	9	left	1
57.403952	6.99039	3.0	79.6158	-59.0555	27099200.0	969.525	4.0	937.0	78.0	924.0	43.0	0.0	313.0	9	left	1
57.503955	6.99358	3.0	79.7431	-59.1376	31498400.0	971.339	3.0	1090.0	77.0	1061.0	42.0	128.0	392.0	9	left	1
57.603983	6.9739	3.0	78.8612	-59.0688	23978100.0	958.879	10.0	843.0	47.0	844.0	25.0	0.0	261.0	9	left	1
57.705040	6.99195	3.0	79.6782	-59.0839	24488400.0	970.414	1.0	870.0	48.0	862.0	26.0	0.0	287.0	9	left	1
57.805204	6.97126	3.0	78.7545	-58.9605	23728100.0	957.359	5.0	835.0	63.0	830.0	31.0	0.0	274.0	9	left	1
57.906190	6.99443	3.0	79.777	-59.0557	25213400.0	971.823	5.0	897.0	73.0	865.0	33.0	257.0	337.0	9	left	1
58.006364	6.98839	3.0	79.3496	-59.0755	24425100.0	965.941	12.0	861.0	65.0	843.0	30.0	0.0	245.0	9	left	1
58.107036	6.98424	3.0	79.2727	-59.0533	23301200.0	964.745	6.0	825.0	55.0	846.0	33.0	0.0	294.0	9	left	1
58.207692	6.99078	3.0	79.5392	-59.0772	24478200.0	968.537	3.0	868.0	80.0	836.0	32.0	0.0	284.0	9	left	1
58.308082	7.0	3.0	79.8535	-59.0672	23121000.0	973.077	5.0	819.0	36.0	864.0	42.0	0.0	295.0	9	left	1
58.408394	7.0	3.0	79.4931	-58.9988	24667400.0	968.347	2.0	868.0	70.0	857.0	29.0	0.0	300.0	9	left	1
58.509536	7.0	3.0	79.9579	-59.0988	27260000.0	974.448	8.0	951.0	53.0	972.0	36.0	0.0	338.0	9	left	1
58.610134	7.0	3.0	80.0	-59.1102	30210700.0	975.0	13.0	1044.0	92.0	1041.0	47.0	1028.0	377.0	9	left	1
58.710339	7.0	3.0	79.6	-59.0775	22741400.0	969.75	0.0	800.0	33.0	817.0	26.0	256.0	288.0	9	left	1
58.810528	7.0	3.0	80.0	-59.1036	23802400.0	975.0	2.0	840.0	43.0	856.0	33.0	0.0	286.0	9	left	1
58.911396	7.0	3.0	79.9506	-59.0482	23003500.0	974.351	4.0	809.0	49.0	841.0	35.0	0.0	306.0	9	left	1
59.012394	7.0	3.0	79.9539	-59.1198	24500800.0	974.395	1.0	868.0	68.0	853.0	34.0	1024.0	302.0	9	left	1
59.113473	6.98859	3.0	79.5021	-59.1131	27330600.0	967.951	7.0	964.0	54.0	979.0	39.0	0.0	330.0	9	left	1
59.213550	6.99345	3.0	79.7378	-59.0552	31186800.0	971.264	4.0	1068.0	74.0	1060.0	43.0	0.0	391.0	9	left	1
59.314337	6.97667	3.0	79.0264	-58.9452	28611500.0	961.171	3.0	986.0	79.0	999.0	52.0	0.0	393.0	9	left	1
59.415469	6.99403	3.0	79.602	-59.0726	28767400.0	969.507	3.0	1005.0	67.0	995.0	46.0	0.0	357.0	9	left	1
59.516544	6.98107	3.0	79.2429	-59.0557	27231200.0	964.211	1.0	951.0	56.0	972.0	44.0	0.0	376.0	9	left	1
59.616639	6.9926	3.0	79.6195	-59.0877	27209300.0	969.672	4.0	946.0	47.0	945.0	34.0	0.0	322.0	9	left	1
59.716921	6.96008	3.0	78.403	-58.8707	30612900.0	952.243	10.0	1052.0	89.0	1032.0	46.0	2271.0	439.0	9	left	1
59.817857	6.99223	3.0	79.6505	-59.0903	29620700.0	970.063	6.0	1030.0	52.0	1021.0	28.0	2050.0	351.0	9	left	1
59.918766	6.97741	3.0	79.057	-59.0324	29409200.0	961.606	4.0	1018.0	93.0	1017.0	49.0	2050.0	368.0	9	left	1
60.018768	6.98918	3.0	79.4887	-59.1111	29312800.0	967.802	1.0	1017.0	72.0	1001.0	47.0	128.0	373.0	9	left	1
60.119475	6.97791	3.0	79.1163	-59.1081	24637400.0	962.407	3.0	860.0	48.0	882.0	38.0	137.0	311.0	9	left	1
60.219487	6.99199	3.0	79.6797	-59.049	28934200.0	970.435	4.0	999.0	63.0	980.0	34.0	3064.0	350.0	9	left	1
60.319983	6.97162	3.0	78.821	-59.0469	26025300.0	958.248	10.0	916.0	66.0	920.0	34.0	128.0	317.0	9	left	1
60.420161	6.98387	3.0	79.3548	-59.0726	24610800.0	965.806	5.0	868.0	53.0	860.0	30.0	263.0	276.0	9	left	1
60.520179	6.96817	3.0	78.5676	-59.0199	21493200.0	954.768	3.0	754.0	31.0	789.0	34.0	0.0	258.0	9	left	1
60.621305	6.99114	3.0	79.6457	-59.0561	29195700.0	969.951	6.0	1016.0	65.0	989.0	33.0	3396.0	356.0	9	left	1
60.722538	6.98649	3.0	79.305	-59.0203	29792200.0	965.27	0.0	1036.0	46.0	1078.0	54.0	0.0	398.0	9	left	1
60.822720	6.99094	3.0	79.6375	-59.1188	28774300.0	969.834	5.0	993.0	49.0	1010.0	41.0	1026.0	321.0	9	left	1
60.922723	6.98488	3.0	79.3952	-59.0635	28841400.0	966.381	0.0	992.0	32.0	1004.0	34.0	0.0	368.0	9	left	1
61.023447	6.96523	3.0	78.6091	-58.9389	27236000.0	955.179	3.0	949.0	93.0	937.0	51.0	2049.0	375.0	9	left	1
61.124265	6.97757	3.0	79.0622	-59.0489	28209900.0	961.682	4.0	981.0	79.0	978.0	44.0	256.0	331.0	9	left	1
61.224343	6.98409	3.0	79.2365	-59.0265	26984700.0	964.263	3.0	943.0	32.0	994.0	47.0	2056.0	371.0	9	left	1
61.324460	6.9895	3.0	79.5798	-58.9947	27419700.0	969.013	4.0	952.0	62.0	932.0	27.0	0.0	324.0	9	left	1
61.425207	6.98488	3.0	79.2093	-59.0907	24522700.0	963.942	1.0	860.0	44.0	903.0	48.0	128.0	312.0	9	left	1
61.526210	7.0	3.0	79.828	-59.2118	26624800.0	972.742	2.0	930.0	63.0	915.0	31.0	0.0	302.0	9	left	1
61.626829	7.0	3.0	79.3418	-59.1	22473200.0	966.361	8.0	790.0	53.0	801.0	21.0	0.0	234.0	9	left	1
61.727575	7.0	3.0	79.9109	-59.1214	25722100.0	973.831	3.0	898.0	64.0	881.0	30.0	0.0	277.0	9	left	1
61.828330	6.60356	3.0	79.6882	-58.6325	25660000.0	932.255	22.0	898.0	51.0	906.0	35.0	641.0	210.0	9	left	1
61.929418	7.0	3.0	80.0	-59.124	25349000.0	975.0	5.0	895.0	85.0	855.0	27.0	4096.0	276.0	9	left	1
62.029418	7.0	3.0	79.7714	-59.1566	25035200.0	972.0	3.0	875.0	41.0	893.0	25.0	520.0	213.0	9	left	1
62.130059	7.0	3.0	80.0	-59.1648	22541000.0	975.0	2.0	789.0	45.0	840.0	29.0	0.0	300.0	9	left	1
62.230218	7.0	3.0	80.0	-59.1126	26706000.0	975.0	6.0	924.0	48.0	943.0	40.0	0.0	357.0	9	left	1
62.331297	7.0	3.0	79.9235	-59.1721	30204000.0	973.996	9.0	1046.0	66.0	1055.0	47.0	3153.0	377.0	9	left	1
62.431594	7.0	3.0	79.3375	-59.117	27921200.0	966.304	10.0	966.0	71.0	981.0	39.0	0.0	373.0	9	left	1
62.532045	7.0	3.0	79.8774	-59.1706	28024300.0	973.391	3.0	979.0	62.0	981.0	39.0	0.0	319.0	9	left	1
62.632895	6.66534	2.999	79.8805	-58.7839	28935600.0	940.499	7.0	1004.0	64.0	1040.0	44.0	0.0	321.0	9	left	1
62.733684	7.0	3.0	79.7877	-59.1614	26915200.0	972.213	1.0	942.0	63.0	931.0	33.0	0.0	307.0	9	left	1
62.834083	6.97748	3.0	79.0993	-58.9447	28233700.0	962.165	7.0	977.0	72.0	977.0	35.0	0.0	356.0	9	left	1
62.934980	6.99085	3.0	79.6341	-59.1524	28220800.0	969.787	2.0	984.0	41.0	999.0	43.0	0.0	304.0	9	left	1
63.035318	6.99564	3.0	79.651	-59.1549	26218100.0	970.224	12.0	917.0	45.0	954.0	35.0	0.0	315.0	9	left	1
63.135917	6.9881	3.0	79.5238	-59.0857	23586300.0	968.214	1.0	840.0	33.0	847.0	35.0	0.0	292.0	9	left	1
63.236364	6.98675	3.0	79.4699	-59.1	23371500.0	967.446	6.0	830.0	50.0	841.0	30.0	15.0	270.0	9	left	1
63.337047	6.98957	3.0	79.5829	-59.153	24348800.0	969.056	6.0	863.0	59.0	843.0	32.0	0.0	300.0	9	left	1
63.437352	6.99064	3.0	79.6257	-59.1287	24224900.0	969.667	0.0	855.0	33.0	841.0	18.0	0.0	275.0	9	left	1
63.538329	6.98398	3.0	79.1762	-59.1213	24629400.0	963.467	12.0	874.0	67.0	871.0	35.0	0.0	279.0	9	left	1
63.639579	7.0	3.0	80.0	-59.2409	23952400.0	975.0	2.0	855.0	42.0	874.0	33.0	0.0	242.0	9	left	1
63.739641	7.0	3.0	79.7908	-59.1046	21705300.0	972.255	1.0	765.0	36.0	813.0	49.0	0.0	269.0	9	left	1
63.839852	7.0	3.0	80.0	-59.2014	25081500.0	975.0	2.0	884.0	70.0	865.0	30.0	0.0	292.0	9	left	1
63.940350	7.0	3.0	79.9508	-59.0886	23121400.0	974.354	10.0	813.0	55.0	838.0	36.0	256.0	257.0	9	left	1
64.041370	7.0	3.0	79.8142	-59.1452	24266900.0	972.561	3.0	861.0	35.0	858.0	18.0	0.0	262.0	9	left	1
64.142473	6.98233	3.0	79.1991	-59.0506	24071100.0	963.693	12.0	849.0	49.0	848.0	26.0	0.0	260.0	9	left	1
64.243734	6.99075	3.0	79.63	-59.0976	27483700.0	969.728	3.0	973.0	71.0	938.0	27.0	0.0	319.0	9	left	1
64.344667	6.9807	3.0	79.228	-59.0748	23390900.0	963.999	2.0	829.0	51.0	841.0	27.0	0.0	272.0	9	left	1
64.445350	6.96019	3.0	78.4078	-58.9573	29947700.0	952.311	12.0	1030.0	147.0	993.0	43.0	1401.0	401.0	9	left	1
64.545360	5.89043	3.0	78.6809	-57.8383	27313100.0	851.234	5.0	940.0	57.0	935.0	30.0	0.0	175.0	9	left	1
64.646540	6.4267	3.0	79.5145	-58.5023	30774100.0	913.221	8.0	1071.0	53.0	1060.0	28.0	1024.0	233.0	9	left	1
64.746911	6.97305	3.0	78.9222	-59.0379	28935800.0	959.641	9.0	1002.0	105.0	964.0	40.0	2176.0	347.0	9	left	1
64.848026	6.9944	3.0	79.6639	-58.9851	30869500.0	970.336	6.0	1071.0	92.0	1038.0	39.0	0.0	402.0	9	left	1
64.948894	6.98735	3.0	79.3385	-59.037	29608900.0	965.749	4.0	1028.0	63.0	1053.0	44.0	2176.0	348.0	9	left	1
65.049743	7.0	3.0	79.9597	-59.1601	28510000.0	974.471	0.0	993.0	39.0	1016.0	51.0	7175.0	376.0	9	left	1
65.150634	6.99495	3.0	79.6465	-59.0556	22191400.0	970.133	4.0	792.0	60.0	809.0	31.0	0.0	278.0	9	left	1
65.251676	6.98994	3.0	79.5978	-59.0279	25479400.0	969.268	1.0	895.0	53.0	919.0	47.0	0.0	333.0	9	left	1
65.352604	6.98921	3.0	79.5682	-59.0451	29224700.0	968.847	4.0	1019.0	73.0	1048.0	38.0	97.0	376.0	9	left	1
65.453306	6.99137	3.0	79.6548	-59.069	30089700.0	970.081	4.0	1043.0	46.0	1047.0	34.0	3330.0	358.0	9	left	1
65.553444	6.98872	3.0	79.4667	-59.1703	28455900.0	967.492	4.0	975.0	56.0	989.0	37.0	0.0	351.0	9	left	1
65.653658	6.99095	3.0	79.598	-59.1729	28888200.0	969.317	10.0	995.0	56.0	1000.0	42.0	2050.0	349.0	9	left	1
65.754455	6.985	3.0	79.4	-59.071	28889700.0	966.45	5.0	1000.0	59.0	1028.0	41.0	1889.0	356.0	9	left	1
65.855509	6.98768	3.0	79.507	-59.0616	32758700.0	967.975	36.0	1136.0	205.0	1038.0	60.0	4480.0	498.0	9	left	1
65.956193	5.79702	2.99894	78.6823	-57.559	27296300.0	841.61	45.0	941.0	95.0	928.0	24.0	0.0	210.0	9	left	1
66.057147	8.12112	2.0528	78.882	-62.8323	9279220.0	791.724	8.0	322.0	13.0	924.0	97.0	2049.0	255.0	9	left	1
66.157399	6.764	2.84267	78.56	-59.0453	21676100.0	888.483	18.0	750.0	68.0	934.0	72.0	789.0	312.0	9	left	1
66.257687	6.98714	3.0	79.4065	-59.0524	29299500.0	966.632	19.0	1011.0	127.0	987.0	64.0	1103.0	407.0	9	left	1
66.358441	6.99279	3.0	79.7116	-59.0814	27889200.0	970.891	17.0	971.0	91.0	959.0	48.0	1025.0	358.0	9	left	1
66.459316	5.17783	3.0	79.0779	-56.9627	26146100.0	786.158	4.0	911.0	20.0	938.0	14.0	0.0	44.0	9	left	1
66.560390	6.38298	2.63222	79.0274	-59.1793	9451160.0	793.328	12.0	329.0	11.0	935.0	61.0	79.0	110.0	9	left	1
66.661645	7.02342	2.97796	79.0083	-58.8471	20904000.0	958.595	32.0	726.0	103.0	842.0	75.0	0.0	345.0	9	left	1
66.762656	5.23337	2.99901	79.7219	-57.0685	29146700.0	799.167	10.0	1007.0	64.0	962.0	9.0	0.0	74.0	9	left	1
66.863623	6.96304	3.0	78.6906	-59.0317	27123000.0	954.599	1.0	947.0	101.0	939.0	47.0	3724.0	369.0	9	left	1
66.964536	7.0	3.0	79.9182	-59.1554	28211000.0	973.926	0.0	978.0	60.0	971.0	41.0	2304.0	344.0	9	left	1
67.065196	7.0	3.0	79.9143	-59.1263	27061900.0	973.876	6.0	934.0	62.0	957.0	48.0	3089.0	371.0	9	left	1
67.166218	7.0	3.0	79.9613	-59.2139	29552700.0	974.492	4.0	1033.0	47.0	1062.0	53.0	192.0	387.0	9	left	1
67.266456	7.0	3.0	79.7677	-59.183	29919000.0	971.951	10.0	1033.0	58.0	1069.0	53.0	5377.0	395.0	9	left	1
67.367510	7.0	3.0	80.0	-59.2127	29265000.0	975.0	2.0	1020.0	39.0	1055.0	41.0	129.0	356.0	9	left	1
67.468464	7.0	3.0	79.9129	-59.0697	26132200.0	973.856	12.0	918.0	64.0	936.0	48.0	0.0	393.0	9	left	1
67.568674	7.0	3.0	79.7137	-59.1074	28077900.0	971.242	5.0	978.0	63.0	972.0	46.0	2305.0	365.0	9	left	1
67.669018	7.0	3.0	79.743	-59.1338	26952200.0	971.627	10.0	934.0	54.0	957.0	50.0	640.0	339.0	9	left	1
67.769772	7.0	3.0	79.8721	-59.1429	26861000.0	973.321	4.0	938.0	48.0	968.0	52.0	0.0	390.0	9	left	1
67.870042	7.0	3.0	79.8749	-59.1668	27638400.0	973.358	15.0	959.0	85.0	972.0	40.0	0.0	370.0	9	left	1
67.970092	7.0	3.0	79.7074	-59.1379	27456400.0	971.16	8.0	957.0	75.0	979.0	47.0	0.0	336.0	9	left	1
68.070326	7.0	3.0	79.8763	-59.1433	27852700.0	973.376	8.0	970.0	74.0	965.0	37.0	65.0	355.0	9	left	1
68.171368	7.0	3.0	79.9143	-59.1638	26661100.0	973.876	1.0	934.0	48.0	973.0	45.0	0.0	357.0	9	left	1
68.272137	7.0	3.0	79.6514	-59.2026	26299900.0	970.425	8.0	918.0	60.0	946.0	46.0	514.0	348.0	9	left	1
68.372142	6.99669	3.0	79.8013	-59.1987	25633300.0	972.417	2.0	906.0	73.0	872.0	21.0	0.0	329.0	9	left	1
68.472847	7.0	3.0	79.8533	-59.1443	23154000.0	973.075	0.0	818.0	40.0	839.0	30.0	2066.0	293.0	9	left	1
68.573437	7.0	3.0	79.9537	-59.2269	24432700.0	974.392	2.0	864.0	41.0	861.0	32.0	0.0	316.0	9	left	1
68.674045	7.0	3.0	79.9487	-59.1566	21899100.0	974.326	10.0	779.0	43.0	811.0	32.0	1029.0	231.0	9	left	1
68.774642	6.99158	3.0	79.6631	-59.0421	23623200.0	970.199	1.0	831.0	66.0	816.0	33.0	0.0	292.0	9	left	1
68.874644	6.98901	3.0	79.5604	-59.0269	23211200.0	968.736	3.0	819.0	34.0	845.0	32.0	0.0	302.0	9	left	1
68.975249	7.0	3.0	80.0	-59.2633	28069800.0	975.0	5.0	976.0	59.0	979.0	34.0	0.0	340.0	9	left	1
69.076203	7.0	3.0	80.0	-59.2008	30581700.0	975.0	9.0	1061.0	84.0	1043.0	49.0	255.0	353.0	9	left	1
69.177412	7.0	3.0	79.7556	-59.1853	28189000.0	971.792	2.0	982.0	51.0	1021.0	42.0	1024.0	371.0	9	left	1
69.277850	7.0	3.0	80.0	-59.1909	23077400.0	975.0	3.0	817.0	40.0	823.0	26.0	0.0	293.0	9	left	1
69.378891	7.0	3.0	79.9048	-59.1798	23718400.0	973.75	5.0	840.0	46.0	872.0	40.0	5060.0	293.0	9	left	1
69.479687	6.99679	3.0	79.6795	-59.14	26728800.0	970.817	1.0	936.0	24.0	972.0	43.0	2560.0	324.0	9	left	1
69.580772	7.0	3.0	79.9568	-59.0454	26328100.0	974.432	3.0	925.0	50.0	955.0	35.0	256.0	350.0	9	left	1
69.680863	7.0	3.0	80.0	-59.131	27366600.0	975.0	5.0	954.0	58.0	965.0	40.0	0.0	337.0	9	left	1
69.781835	7.0	3.0	79.9574	-59.1225	26772500.0	974.441	6.0	939.0	47.0	989.0	41.0	0.0	328.0	9	left	1
69.881891	7.0	3.0	79.8312	-59.2447	27251400.0	972.785	3.0	948.0	43.0	964.0	45.0	0.0	338.0	9	left	1
69.981965	5.56229	3.0	79.9086	-57.5577	25180500.0	833.623	0.0	875.0	42.0	882.0	12.0	0.0	85.0	9	left	1
70.083279	5.31804	3.0	80.0	-57.2508	28130300.0	811.009	4.0	981.0	35.0	982.0	15.0	0.0	74.0	9	left	1
70.183455	6.9871	3.0	79.4839	-59.1226	26707200.0	967.645	14.0	930.0	76.0	924.0	38.0	0.0	325.0	9	left	1
70.284290	6.99293	3.0	79.7172	-59.1657	27866800.0	970.97	3.0	990.0	56.0	994.0	48.0	0.0	338.0	9	left	1
70.385326	6.9958	3.0	79.8321	-59.1238	27199200.0	972.608	7.0	953.0	63.0	972.0	35.0	0.0	324.0	9	left	1
70.486306	7.0	3.0	79.9123	-59.1787	25913200.0	973.849	4.0	912.0	51.0	921.0	45.0	0.0	284.0	9	left	1
70.586363	7.0	3.0	79.9549	-59.115	25453100.0	974.408	3.0	887.0	47.0	908.0	34.0	518.0	314.0	9	left	1
70.686869	7.0	3.0	80.0	-59.1436	28313900.0	975.0	0.0	982.0	42.0	991.0	37.0	1024.0	317.0	9	left	1
70.787980	6.99581	3.0	79.7906	-59.1204	27257300.0	972.063	7.0	955.0	57.0	981.0	40.0	0.0	366.0	9	left	1
70.888210	6.99375	3.0	79.75	-59.1375	27514500.0	971.438	6.0	960.0	62.0	964.0	47.0	0.0	334.0	9	left	1
70.988588	6.96405	3.0	78.5621	-58.9564	26268000.0	954.51	6.0	918.0	59.0	921.0	25.0	0.0	281.0	9	left	1
71.090664	6.99223	3.0	79.6892	-59.1443	25329700.0	970.572	8.0	901.0	53.0	897.0	38.0	2054.0	310.0	9	left	1
71.190755	6.98886	3.0	79.5542	-59.0942	28539700.0	968.647	5.0	987.0	37.0	1018.0	35.0	0.0	333.0	9	left	1
71.291395	6.99697	3.0	79.7578	-59.1998	28417200.0	971.685	1.0	991.0	49.0	1021.0	40.0	0.0	310.0	9	left	1
71.392189	7.0	3.0	79.8783	-59.1684	28159300.0	973.403	9.0	986.0	56.0	993.0	31.0	1536.0	319.0	9	left	1
71.493353	7.0	3.0	79.8389	-59.1148	28464900.0	972.885	3.0	993.0	75.0	969.0	26.0	1024.0	362.0	9	left	1
71.593425	7.0	3.0	79.8397	-59.1713	28839900.0	972.896	7.0	998.0	58.0	1022.0	47.0	2049.0	340.0	9	left	1
71.694752	7.0	3.0	79.96	-59.2168	28665300.0	974.476	9.0	1001.0	97.0	957.0	31.0	128.0	299.0	9	left	1
71.795208	7.0	3.0	80.0	-59.2	22857400.0	975.0	9.0	810.0	43.0	837.0	22.0	0.0	253.0	9	left	1
71.895794	7.0	3.0	80.0	-59.1103	23809600.0	975.0	0.0	834.0	41.0	832.0	30.0	0.0	244.0	9	left	1
71.995830	7.0	3.0	79.951	-59.1213	22792000.0	974.357	7.0	816.0	45.0	801.0	25.0	0.0	263.0	9	left	1
72.096917	7.0	3.0	79.9048	-59.194	23725300.0	973.75	5.0	840.0	52.0	845.0	23.0	0.0	233.0	9	left	1
72.197283	7.0	3.0	79.9522	-59.1637	23728700.0	974.373	2.0	837.0	46.0	849.0	36.0	0.0	261.0	9	left	1
72.297392	7.0	3.0	79.948	-59.1209	21789200.0	974.317	4.0	769.0	32.0	800.0	26.0	0.0	250.0	9	left	1
72.398399	7.0	3.0	80.0	-59.2109	23537400.0	975.0	5.0	844.0	51.0	831.0	24.0	0.0	229.0	9	left	1
72.498518	7.0	3.0	79.6083	-59.0416	23495500.0	969.859	13.0	817.0	51.0	835.0	31.0	1666.0	257.0	9	left	1
72.598706	7.0	3.0	79.6053	-59.1776	26254400.0	969.819	1.0	912.0	49.0	903.0	27.0	256.0	261.0	9	left	1
72.698761	5.51728	3.0	80.0	-57.5256	24100600.0	830.435	0.0	839.0	30.0	847.0	6.0	0.0	68.0	9	left	1
72.799894	6.82852	3.0	80.0	-59.0363	30849500.0	958.281	2.0	1073.0	97.0	1036.0	39.0	1020.0	335.0	9	left	1
72.899898	7.0	3.0	79.697	-59.1255	26717000.0	971.023	6.0	924.0	64.0	923.0	29.0	910.0	301.0	9	left	1
73.000019	7.0	3.0	79.615	-59.1424	29943700.0	969.947	9.0	1039.0	64.0	1028.0	42.0	1436.0	344.0	9	left	1
73.101074	7.0	3.0	79.8844	-59.1618	29710700.0	973.483	11.0	1038.0	55.0	1066.0	27.0	1536.0	309.0	9	left	1
73.201975	7.0	3.0	79.9204	-59.194	28609500.0	973.955	6.0	1005.0	49.0	1011.0	34.0	0.0	347.0	9	left	1
73.302713	7.0	3.0	79.9566	-59.1118	25936500.0	974.43	6.0	921.0	59.0	929.0	30.0	256.0	292.0	9	left	1
73.402881	7.0	3.0	80.0	-59.1225	27513800.0	975.0	0.0	955.0	67.0	942.0	30.0	2049.0	305.0	9	left	1
73.503498	6.99178	3.0	79.6711	-59.1511	27867900.0	970.313	6.0	973.0	94.0	973.0	30.0	0.0	294.0	9	left	1
73.603664	6.98872	3.0	79.5487	-59.119	28239200.0	968.569	3.0	975.0	64.0	958.0	28.0	0.0	303.0	9	left	1
73.704796	6.9797	3.0	79.1066	-59.0751	28259400.0	962.36	6.0	985.0	50.0	995.0	30.0	1025.0	315.0	9	left	1
73.805470	7.0	3.0	79.8522	-59.0985	22690000.0	973.06	2.0	812.0	47.0	810.0	38.0	0.0	268.0	9	left	1
73.906110	7.0	3.0	79.8519	-59.1852	22847900.0	973.056	0.0	810.0	30.0	842.0	22.0	0.0	225.0	9	left	1
74.006293	7.0	3.0	79.8146	-59.1935	24681600.0	972.567	3.0	863.0	52.0	852.0	26.0	0.0	243.0	9	left	1
74.107293	7.0	3.0	79.715	-59.1283	23657800.0	971.259	13.0	842.0	39.0	876.0	32.0	0.0	283.0	9	left	1
74.207817	7.0	3.0	79.9623	-59.2309	30486600.0	974.505	7.0	1061.0	58.0	1071.0	38.0	1026.0	328.0	9	left	1
74.309029	7.0	3.0	79.8718	-59.0876	26928700.0	973.317	6.0	936.0	80.0	938.0	32.0	0.0	334.0	9	left	1
74.409110	7.0	3.0	79.9153	-59.1494	27529400.0	973.888	1.0	944.0	47.0	967.0	38.0	0.0	304.0	9	left	1
74.511723	7.0	3.0	80.0	-59.1138	25664600.0	975.0	1.0	914.0	48.0	910.0	29.0	2048.0	300.0	9	left	1
74.612723	7.0	3.0	79.7617	-59.2006	28731600.0	971.872	4.0	1007.0	71.0	1034.0	42.0	512.0	350.0	9	left	1
74.712983	7.0	3.0	79.9587	-59.2157	27739800.0	974.458	3.0	969.0	67.0	970.0	42.0	0.0	360.0	9	left	1
74.813911	6.99625	3.0	79.5876	-59.1284	30892700.0	969.616	11.0	1067.0	100.0	1042.0	43.0	912.0	378.0	9	left	1
74.915111	7.0	3.0	79.9607	-59.2092	29219600.0	974.484	6.0	1018.0	79.0	997.0	39.0	0.0	365.0	9	left	1
75.015116	7.0	3.0	79.9236	-59.1729	30315500.0	973.997	16.0	1047.0	62.0	1074.0	47.0	131.0	404.0	9	left	1
75.115599	7.0	3.0	79.9626	-59.1628	30971200.0	974.509	7.0	1069.0	61.0	1089.0	62.0	2146.0	468.0	9	left	1
75.215606	7.0	3.0	79.1278	-59.1348	29305000.0	963.553	6.0	1009.0	71.0	1029.0	47.0	0.0	409.0	9	left	1
75.315922	7.0	3.0	79.9597	-59.2369	28599800.0	974.471	7.0	992.0	57.0	1002.0	45.0	0.0	426.0	9	left	1
75.416361	6.99168	3.0	79.6258	-59.1164	27789700.0	969.714	14.0	962.0	55.0	1004.0	48.0	128.0	381.0	9	left	1
75.517583	6.98983	3.0	79.5931	-59.1607	27948700.0	969.201	1.0	983.0	50.0	983.0	36.0	640.0	380.0	9	left	1
75.617647	6.98332	3.0	79.2934	-59.0726	29642500.0	964.975	14.0	1019.0	80.0	1019.0	44.0	0.0	426.0	9	left	1
75.718189	6.98861	3.0	79.5446	-59.1727	30550700.0	968.51	8.0	1054.0	106.0	1024.0	48.0	5259.0	384.0	9	left	1
75.819121	6.6292	3.0	78.7022	-58.562	24701200.0	923.517	33.0	863.0	103.0	844.0	48.0	1282.0	309.0	9	left	1
75.919203	6.97031	2.99406	79.5724	-59.0701	24190100.0	965.125	30.0	842.0	103.0	832.0	46.0	0.0	326.0	9	left	1
76.020309	8.44737	2.17544	73.6842	-61.6667	3393830.0	791.351	17.0	114.0	15.0	834.0	72.0	5863.0	110.0	9	left	1
76.120880	8.04604	2.05371	78.6701	-62.7903	11112800.0	782.54	22.0	391.0	28.0	808.0	86.0	3836.0	309.0	9	left	1
76.221627	5.95844	2.76234	78.8052	-58.4649	21783300.0	789.818	7.0	770.0	51.0	845.0	67.0	1025.0	219.0	9	left	1
76.322804	5.02202	2.99768	79.5829	-56.8181	24108900.0	776.393	0.0	863.0	7.0	866.0	7.0	0.0	12.0	9	left	1
76.423296	5.05006	3.0	79.1809	-56.7452	25246500.0	775.205	20.0	879.0	23.0	884.0	14.0	0.0	33.0	9	left	1
76.523338	5.36093	2.87261	79.3631	-57.5775	27455800.0	768.881	16.0	942.0	58.0	973.0	29.0	512.0	96.0	9	left	1
76.623991	7.21684	2.67092	79.3878	-60.4056	22085200.0	889.177	16.0	784.0	75.0	862.0	69.0	256.0	401.0	9	left	1
76.724306	7.0	3.0	79.9543	-59.2309	24793200.0	974.4	0.0	875.0	54.0	869.0	36.0	0.0	356.0	9	left	1
76.824314	7.0	3.0	79.8051	-59.2071	23603500.0	972.442	5.0	821.0	50.0	851.0	44.0	0.0	347.0	9	left	1
76.924991	7.0	3.0	79.952	-59.2434	23757200.0	974.371	3.0	834.0	59.0	830.0	29.0	1024.0	336.0	9	left	1
77.025431	7.0	3.0	79.9021	-59.1567	23138100.0	973.715	11.0	817.0	50.0	837.0	41.0	0.0	301.0	9	left	1
77.126295	7.0	3.0	80.0	-59.233	24042400.0	975.0	0.0	854.0	45.0	852.0	30.0	2048.0	327.0	9	left	1
77.226651	7.0	3.0	79.8805	-59.1972	28958800.0	973.431	2.0	1004.0	61.0	1019.0	40.0	0.0	390.0	9	left	1
77.327949	7.0	3.0	80.0	-59.1346	27971100.0	975.0	10.0	981.0	60.0	982.0	48.0	2281.0	430.0	9	left	1
77.427985	7.0	3.0	80.0	-59.1488	29362100.0	975.0	3.0	1015.0	61.0	1014.0	33.0	0.0	441.0	9	left	1
77.528405	7.0	3.0	79.8727	-59.1527	27116900.0	973.33	14.0	943.0	54.0	983.0	50.0	2048.0	413.0	9	left	1
77.629512	7.0	3.0	80.0	-59.1494	30059500.0	975.0	5.0	1044.0	53.0	1057.0	48.0	3072.0	403.0	9	left	1
77.729786	7.0	3.0	79.8425	-59.0945	29518400.0	972.933	4.0	1016.0	63.0	1057.0	46.0	0.0	398.0	9	left	1
77.831201	7.0	3.0	79.9551	-59.2416	25024100.0	974.41	0.0	890.0	38.0	900.0	38.0	0.0	352.0	9	left	1
77.932051	7.00101	3.0	79.6367	-59.1766	28402100.0	970.429	3.0	991.0	60.0	1005.0	53.0	2563.0	406.0	9	left	1
78.032504	7.0	3.0	79.9148	-59.181	26834500.0	973.882	4.0	939.0	46.0	954.0	47.0	272.0	359.0	9	left	1
78.133743	7.0	3.0	79.9593	-59.1925	28107200.0	974.465	15.0	982.0	63.0	1007.0	52.0	2048.0	361.0	9	left	1
78.234063	7.0	3.0	79.958	-59.1983	27229200.0	974.449	11.0	953.0	61.0	959.0	43.0	0.0	346.0	9	left	1
78.334180	6.97297	3.0	78.9189	-59.0486	26508600.0	959.595	3.0	925.0	39.0	941.0	38.0	0.0	364.0	9	left	1
78.434440	6.99459	3.0	79.6973	-59.1092	26712500.0	970.897	3.0	925.0	46.0	952.0	42.0	0.0	386.0	9	left	1
78.534876	6.97463	3.0	78.985	-59.0715	24605500.0	960.536	12.0	867.0	70.0	859.0	41.0	0.0	362.0	9	left	1
78.634880	6.98811	3.0	79.2866	-59.1724	24073800.0	965.101	1.0	841.0	47.0	843.0	34.0	0.0	328.0	9	left	1
78.736102	6.98227	3.0	79.1962	-59.0863	23802300.0	963.652	4.0	846.0	43.0	873.0	32.0	0.0	291.0	9	left	1
78.836910	6.99623	3.0	79.7363	-59.1704	30446900.0	971.37	4.0	1062.0	54.0	1063.0	37.0	0.0	416.0	9	left	1
78.937763	6.98853	3.0	79.5412	-59.1773	27507900.0	968.462	13.0	959.0	58.0	975.0	43.0	2048.0	356.0	9	left	1
79.038790	6.99289	3.0	79.7157	-59.2376	28259600.0	970.949	3.0	985.0	70.0	980.0	49.0	0.0	399.0	9	left	1
79.139396	6.97371	3.0	78.9486	-59.0514	24988700.0	960.017	6.0	875.0	49.0	875.0	31.0	257.0	343.0	9	left	1
79.240180	6.98999	3.0	79.5106	-59.0656	25414500.0	968.126	5.0	899.0	60.0	880.0	36.0	512.0	325.0	9	left	1
79.340180	6.98496	3.0	79.2696	-59.0354	26875900.0	964.737	13.0	931.0	70.0	933.0	36.0	2056.0	352.0	9	left	1
79.441461	6.99292	3.0	79.6694	-59.1452	23851600.0	970.342	3.0	847.0	27.0	853.0	25.0	0.0	296.0	9	left	1
79.541666	6.97272	3.0	78.9087	-59.0676	23905800.0	959.448	2.0	843.0	58.0	829.0	27.0	0.0	326.0	9	left	1
79.641756	6.99164	3.0	79.5699	-59.1661	24076900.0	968.978	2.0	837.0	37.0	856.0	36.0	0.0	288.0	9	left	1
79.742462	6.99701	3.0	79.801	-59.1224	29113400.0	972.254	5.0	1005.0	76.0	1017.0	37.0	3100.0	403.0	9	left	1
79.842507	7.0	3.0	79.8785	-59.0962	28719500.0	973.406	1.0	988.0	58.0	994.0	38.0	0.0	413.0	9	left	1
79.942705	7.0	3.0	79.8403	-59.1307	28987000.0	972.904	4.0	1002.0	71.0	1012.0	38.0	0.0	403.0	9	left	1
80.043499	7.0	3.0	79.8398	-59.2042	28770300.0	972.898	7.0	999.0	50.0	1006.0	44.0	128.0	381.0	9	left	1
80.144552	7.0	3.0	79.9615	-59.1971	29848700.0	974.495	0.0	1040.0	87.0	1023.0	34.0	0.0	420.0	9	left	1
80.245024	7.0	3.0	79.8395	-59.1043	28663300.0	972.894	2.0	997.0	76.0	1022.0	42.0	0.0	412.0	9	left	1
80.345693	7.0	3.0	79.6047	-59.2184	28874000.0	969.812	3.0	1012.0	70.0	1007.0	39.0	3328.0	367.0	9	left	1
80.447007	7.0	3.0	78.9594	-59.1009	27652100.0	961.342	4.0	961.0	83.0	1014.0	43.0	0.0	367.0	9	left	1
80.548041	7.0	3.0	80.0	-59.1813	30137000.0	975.0	5.0	1059.0	78.0	1042.0	44.0	512.0	406.0	9	left	1
80.649103	6.97813	3.0	78.9307	-59.1434	23297000.0	959.982	7.0	823.0	84.0	822.0	35.0	390.0	285.0	9	left	1
80.749111	6.97611	3.0	79.0444	-59.0728	24872200.0	961.382	3.0	879.0	48.0	866.0	24.0	0.0	280.0	9	left	1
80.849215	6.98795	3.0	79.4217	-59.0928	23784700.0	966.867	4.0	830.0	45.0	845.0	30.0	0.0	289.0	9	left	1
80.949219	7.0	3.0	79.8144	-59.1148	24513100.0	972.564	1.0	862.0	62.0	838.0	28.0	0.0	281.0	9	left	1
81.049220	5.7414	3.0	79.6204	-57.7046	24166000.0	847.616	11.0	843.0	27.0	844.0	10.0	0.0	120.0	9	left	1
81.149581	6.21838	3.0	79.5704	-58.2613	23579300.0	893.717	4.0	838.0	25.0	842.0	17.0	0.0	184.0	9	left	1
81.250042	6.9883	3.0	79.5322	-59.083	24410100.0	968.333	2.0	855.0	84.0	830.0	32.0	992.0	319.0	9	left	1
81.350547	7.0	3.0	79.8489	-59.1436	22203300.0	973.016	2.0	794.0	43.0	817.0	37.0	0.0	295.0	9	left	1
81.450571	7.0	3.0	79.7449	-59.1148	22181300.0	971.652	9.0	784.0	50.0	797.0	33.0	0.0	277.0	9	left	1
81.551279	7.0	3.0	80.0	-59.0853	24036100.0	975.0	4.0	856.0	57.0	851.0	32.0	0.0	295.0	9	left	1
81.651546	7.0	3.0	79.7954	-59.1215	22125700.0	972.315	19.0	782.0	61.0	805.0	35.0	0.0	285.0	9	left	1
81.752473	7.0	3.0	79.954	-59.1402	24383500.0	974.397	2.0	870.0	54.0	862.0	38.0	97.0	315.0	9	left	1
81.852677	7.0	3.0	79.9603	-59.1847	29125200.0	974.479	4.0	1007.0	54.0	1053.0	32.0	508.0	351.0	9	left	1
81.953698	7.0	3.0	80.0	-59.1644	29534100.0	975.0	6.0	1028.0	58.0	1052.0	42.0	1792.0	378.0	9	left	1
82.053711	7.0	3.0	79.865	-59.2193	25569900.0	973.228	9.0	889.0	61.0	905.0	30.0	0.0	304.0	9	left	1
82.154063	7.0	3.0	80.0	-59.1168	27435200.0	975.0	1.0	959.0	66.0	959.0	48.0	64.0	364.0	9	left	1
82.254245	7.0	3.0	80.0	-59.1495	30354700.0	975.0	6.0	1050.0	106.0	1018.0	36.0	0.0	423.0	9	left	1
82.354492	7.0	3.0	79.8721	-59.2079	27010200.0	973.321	5.0	938.0	52.0	928.0	30.0	0.0	306.0	9	left	1
82.454662	7.0	3.0	79.8502	-59.1211	22987500.0	973.034	9.0	801.0	36.0	845.0	48.0	0.0	305.0	9	left	1
82.555549	7.0	3.0	80.0	-59.2467	28312700.0	975.0	4.0	985.0	63.0	995.0	43.0	128.0	349.0	9	left	1
82.655551	7.0	3.0	79.961	-59.1883	29652600.0	974.488	3.0	1025.0	67.0	1008.0	40.0	512.0	370.0	9	left	1
82.755697	7.0	3.0	79.8002	-59.2018	29288300.0	972.378	6.0	1001.0	76.0	1023.0	46.0	1891.0	350.0	9	left	1
82.856233	7.0	3.0	79.6262	-59.132	24121900.0	970.093	3.0	856.0	56.0	859.0	41.0	0.0	292.0	9	left	1
82.956963	6.98947	3.0	79.345	-59.0982	24241100.0	965.93	6.0	855.0	58.0	850.0	25.0	0.0	280.0	9	left	1
83.057859	6.99412	3.0	79.765	-59.1704	24004400.0	971.651	1.0	851.0	62.0	823.0	24.0	0.0	275.0	9	left	1
83.157977	6.98014	3.0	79.1589	-59.0981	24072200.0	963.067	12.0	856.0	52.0	873.0	36.0	0.0	287.0	9	left	1
83.259129	6.98942	3.0	79.483	-59.1046	23808300.0	967.738	5.0	851.0	46.0	851.0	35.0	0.0	318.0	9	left	1
83.360079	6.97722	3.0	79.0888	-59.0752	24758800.0	962.016	2.0	878.0	71.0	869.0	45.0	128.0	320.0	9	left	1
83.460406	6.98843	3.0	79.537	-59.1528	24420000.0	968.403	5.0	864.0	67.0	836.0	24.0	0.0	262.0	9	left	1
83.561481	6.98135	3.0	79.2541	-59.1107	24205100.0	964.371	7.0	858.0	54.0	860.0	33.0	0.0	297.0	9	left	1
83.661683	6.98955	3.0	79.489	-59.1893	24419100.0	967.822	3.0	861.0	44.0	863.0	29.0	1025.0	306.0	9	left	1
83.762766	6.98331	3.0	79.3325	-59.1645	23456800.0	965.489	5.0	839.0	33.0	868.0	34.0	0.0	294.0	9	left	1
83.863999	6.99301	3.0	79.627	-59.1538	24078000.0	969.79	1.0	858.0	57.0	859.0	34.0	0.0	297.0	9	left	1
83.964414	6.98325	3.0	78.8038	-59.1376	23805300.0	958.547	6.0	836.0	48.0	851.0	38.0	0.0	308.0	9	left	1
84.065025	7.0	3.0	79.9053	-59.1456	23917100.0	973.757	2.0	845.0	57.0	842.0	35.0	129.0	306.0	9	left	1
84.165959	7.0	3.0	79.8585	-59.2382	24051000.0	973.143	8.0	848.0	50.0	875.0	39.0	0.0	305.0	9	left	1
84.266594	7.0	3.0	79.9526	-59.1813	23985400.0	974.378	7.0	844.0	62.0	837.0	27.0	2053.0	300.0	9	left	1
84.366845	7.0	3.0	79.9523	-59.1134	23828400.0	974.374	10.0	838.0	57.0	866.0	42.0	0.0	310.0	9	left	1
84.467523	7.0	3.0	79.9617	-59.2574	30218400.0	974.498	7.0	1045.0	59.0	1051.0	45.0	2432.0	404.0	9	left	1
84.567526	7.0	3.0	79.8814	-59.1887	29293000.0	973.444	5.0	1012.0	54.0	1051.0	47.0	0.0	391.0	9	left	1
84.668234	7.0	3.0	80.0	-59.1537	29285300.0	975.0	4.0	1015.0	67.0	1043.0	48.0	0.0	416.0	9	left	1
84.768783	7.0	3.0	79.9216	-59.1185	29666000.0	973.972	25.0	1021.0	127.0	995.0	59.0	64.0	417.0	9	left	1
84.869623	7.0	3.0	80.0	-59.1397	29619700.0	975.0	3.0	1031.0	35.0	1070.0	47.0	2221.0	432.0	9	left	1
84.969623	6.98489	3.0	79.2749	-59.1047	28704900.0	964.804	16.0	993.0	77.0	991.0	35.0	528.0	365.0	9	left	1
85.069825	6.99169	3.0	79.6675	-59.1734	23891800.0	970.261	1.0	842.0	34.0	841.0	27.0	0.0	314.0	9	left	1
85.170836	6.97902	3.0	79.1608	-59.0967	24025800.0	963.042	4.0	858.0	63.0	866.0	43.0	3072.0	327.0	9	left	1
85.271353	6.99775	3.0	79.8198	-59.1554	25113600.0	972.534	3.0	888.0	60.0	869.0	33.0	0.0	311.0	9	left	1
85.372342	7.0	3.0	80.0	-59.1669	24101000.0	975.0	5.0	851.0	49.0	854.0	34.0	2179.0	316.0	9	left	1
85.473203	6.99027	3.0	79.562	-59.1265	23164800.0	968.814	2.0	822.0	55.0	826.0	37.0	4211.0	261.0	9	left	1
85.573206	6.99145	3.0	79.6581	-59.1221	22847800.0	970.128	5.0	819.0	56.0	803.0	27.0	0.0	269.0	9	left	1
85.673958	6.98148	3.0	79.2593	-59.0728	22866500.0	964.444	2.0	810.0	44.0	844.0	40.0	2049.0	313.0	9	left	1
85.774938	6.98953	3.0	79.5814	-59.1267	24290000.0	969.035	6.0	860.0	55.0	845.0	24.0	0.0	328.0	9	left	1
85.875921	6.97065	3.0	78.8262	-59.1038	24966300.0	958.273	7.0	886.0	70.0	864.0	32.0	0.0	316.0	9	left	1
85.976914	6.98856	3.0	79.4508	-59.1899	24761400.0	967.277	1.0	874.0	53.0	870.0	40.0	3331.0	300.0	9	left	1
86.076999	6.99216	3.0	79.6865	-59.2654	25315200.0	970.532	7.0	893.0	75.0	881.0	38.0	78.0	301.0	9	left	1
86.177033	7.0	3.0	80.0	-59.1724	23944900.0	975.0	4.0	841.0	67.0	829.0	37.0	0.0	320.0	9	left	1
86.277224	7.0	3.0	80.0	-59.0861	22800500.0	975.0	4.0	813.0	42.0	847.0	28.0	0.0	297.0	9	left	1
86.379223	7.0	3.0	80.0	-59.194	23198500.0	975.0	3.0	835.0	45.0	852.0	38.0	2049.0	282.0	9	left	1
86.480303	6.22798	2.9987	79.7409	-58.0777	21730200.0	895.934	17.0	772.0	66.0	793.0	40.0	121.0	245.0	9	left	1
86.580484	6.47098	3.0	79.8661	-58.3438	25758700.0	921.663	43.0	896.0	166.0	848.0	46.0	64.0	304.0	9	left	1
86.681067	5.12531	2.99504	79.6526	-56.8375	22777300.0	786.605	9.0	806.0	39.0	862.0	18.0	2049.0	39.0	9	left	1
86.782279	6.39243	2.96927	79.5745	-58.3345	24158000.0	901.706	50.0	846.0	128.0	824.0	47.0	529.0	243.0	9	left	1
86.882441	5.69284	3.0	78.9838	-57.4122	24864600.0	835.306	5.0	866.0	54.0	850.0	22.0	0.0	113.0	9	left	1
86.982909	5.02826	3.0	79.6957	-56.6424	26483400.0	778.761	12.0	920.0	35.0	918.0	11.0	0.0	13.0	9	left	1
87.084153	5.01042	3.0	79.7917	-56.7896	27565900.0	778.281	5.0	960.0	26.0	978.0	6.0	0.0	7.0	9	left	1
87.184165	6.35934	3.0	79.9589	-58.346	27962800.0	911.997	4.0	974.0	47.0	982.0	29.0	133.0	243.0	9	left	1
87.284813	5.34131	3.0	79.5421	-57.0281	27758600.0	807.268	26.0	961.0	66.0	961.0	30.0	2048.0	100.0	9	left	1
87.385590	6.89961	3.0	79.9606	-59.0059	29190900.0	964.695	11.0	1016.0	124.0	985.0	42.0	2049.0	385.0	9	left	1
87.485904	7.0	3.0	79.7015	-59.0757	27323200.0	971.082	13.0	938.0	74.0	974.0	59.0	3105.0	376.0	9	left	1
87.586912	7.0	3.0	80.0	-59.2391	26720600.0	975.0	2.0	941.0	51.0	972.0	46.0	2048.0	331.0	9	left	1
87.687652	7.0	3.0	79.8369	-59.1284	28365700.0	972.859	13.0	981.0	90.0	961.0	34.0	2.0	363.0	9	left	1
87.788611	7.0	3.0	79.9226	-59.2892	29707000.0	973.985	8.0	1034.0	48.0	1042.0	37.0	2058.0	364.0	9	left	1
87.888880	7.0	3.0	79.8778	-59.2729	28303200.0	973.396	8.0	982.0	29.0	1062.0	55.0	1023.0	365.0	9	left	1
87.988883	7.0	3.0	79.8799	-59.2392	28799800.0	973.423	3.0	999.0	66.0	997.0	37.0	0.0	344.0	9	left	1
88.089271	7.0	3.0	79.9167	-59.2396	27666300.0	973.906	3.0	960.0	51.0	1000.0	50.0	2049.0	392.0	9	left	1
88.190314	5.00977	3.0	80.0	-56.8083	23075500.0	780.952	1.0	819.0	10.0	825.0	5.0	0.0	5.0	9	left	1
88.291325	5.76596	3.0	80.0	-57.8109	23882100.0	854.681	2.0	846.0	21.0	853.0	17.0	0.0	104.0	9	left	1
88.392190	7.0	3.0	79.8025	-59.2481	22687500.0	972.407	4.0	810.0	57.0	817.0	27.0	0.0	244.0	9	left	1
88.493072	7.0	3.0	79.8848	-59.1919	29705900.0	973.488	6.0	1042.0	60.0	1048.0	42.0	0.0	401.0	9	left	1
88.593326	6.97762	3.0	79.1048	-59.1302	28504700.0	962.243	7.0	983.0	37.0	1022.0	46.0	131.0	353.0	9	left	1
88.694161	6.99144	3.0	79.6194	-59.1931	30206600.0	969.619	6.0	1051.0	61.0	1030.0	30.0	2048.0	356.0	9	left	1
88.794342	6.95858	3.0	79.0059	-59.1041	23942800.0	959.219	21.0	845.0	49.0	867.0	44.0	3076.0	255.0	9	left	1
88.894796	6.98826	3.0	79.5305	-59.2148	23989500.0	968.31	7.0	852.0	62.0	834.0	26.0	0.0	277.0	9	left	1
88.995409	6.97448	3.0	78.8821	-59.0158	23163100.0	959.18	4.0	823.0	41.0	844.0	40.0	0.0	295.0	9	left	1
89.095827	6.99297	3.0	79.6249	-59.1676	24178600.0	969.76	6.0	853.0	60.0	842.0	37.0	0.0	288.0	9	left	1
89.196608	6.98456	3.0	79.3824	-59.0914	23694800.0	966.2	2.0	842.0	41.0	836.0	23.0	0.0	254.0	9	left	1
89.298041	6.99493	3.0	79.7972	-59.2231	21923300.0	972.11	3.0	789.0	28.0	802.0	25.0	257.0	233.0	9	left	1
89.398472	7.0	3.0	79.8027	-59.2898	22909400.0	972.411	4.0	811.0	66.0	826.0	32.0	1014.0	242.0	9	left	1
89.499453	7.0	3.0	79.9544	-59.2201	24824700.0	974.401	5.0	877.0	56.0	863.0	23.0	1.0	262.0	9	left	1
89.599711	7.0	3.0	79.6818	-59.1068	25543200.0	970.824	29.0	880.0	100.0	873.0	33.0	131.0	314.0	9	left	1
89.700308	7.0	3.0	80.0	-59.1687	29053100.0	975.0	2.0	1002.0	48.0	1004.0	31.0	2048.0	333.0	9	left	1
89.801417	7.0	3.0	79.726	-59.1849	29159900.0	971.404	13.0	1022.0	58.0	1049.0	36.0	259.0	339.0	9	left	1
89.901542	7.0	3.0	80.0	-59.2397	29534100.0	975.0	7.0	1018.0	45.0	1036.0	33.0	8.0	336.0	9	left	1
90.001665	7.0	3.0	80.0	-59.1926	27260600.0	975.0	4.0	945.0	41.0	979.0	34.0	0.0	331.0	9	left	1
90.102276	7.0	3.0	79.9165	-59.2067	27333900.0	973.904	0.0	958.0	50.0	969.0	37.0	0.0	301.0	9	left	1
90.202536	6.99582	3.0	79.8326	-59.2646	27336700.0	972.615	12.0	956.0	69.0	975.0	28.0	512.0	301.0	9	left	1
90.302980	6.99202	3.0	79.6806	-59.1607	28918600.0	970.449	4.0	1002.0	60.0	994.0	45.0	128.0	381.0	9	left	1
90.403579	6.99179	3.0	79.5483	-59.1961	27738700.0	968.701	4.0	974.0	56.0	993.0	31.0	0.0	323.0	9	left	1
90.504285	7.0	3.0	79.9592	-59.2365	28104900.0	974.465	5.0	981.0	45.0	1004.0	40.0	0.0	304.0	9	left	1
90.605203	7.0	3.0	79.9162	-59.2408	27562000.0	973.901	4.0	955.0	62.0	988.0	34.0	1024.0	308.0	9	left	1
90.705564	7.0	3.0	79.9562	-59.2418	26223900.0	974.426	3.0	914.0	64.0	907.0	40.0	0.0	327.0	9	left	1
90.806919	7.0	3.0	79.799	-59.1417	28382700.0	972.362	16.0	995.0	60.0	1013.0	46.0	4097.0	361.0	9	left	1
90.908018	7.0	3.0	80.0	-59.2082	27380200.0	975.0	2.0	956.0	39.0	972.0	34.0	0.0	310.0	9	left	1
91.008348	7.0	3.0	79.8064	-59.1084	29846800.0	972.459	3.0	1033.0	51.0	1046.0	43.0	1024.0	381.0	9	left	1
91.109109	7.0	3.0	79.9515	-59.1648	23385700.0	974.364	11.0	825.0	36.0	867.0	25.0	0.0	277.0	9	left	1
91.209564	7.0	3.0	79.8558	-59.25	23386200.0	973.107	2.0	832.0	51.0	822.0	28.0	1048.0	248.0	9	left	1
91.311027	7.0	3.0	79.68	-59.2149	24676800.0	970.8	2.0	875.0	65.0	880.0	34.0	0.0	286.0	9	left	1
91.411313	7.0	3.0	80.0	-59.217	24101900.0	975.0	3.0	848.0	53.0	852.0	36.0	0.0	274.0	9	left	1
91.511935	7.0	3.0	79.7139	-59.1919	23849600.0	971.246	2.0	839.0	62.0	842.0	29.0	0.0	263.0	9	left	1
91.612754	7.0	3.0	79.9534	-59.2049	24282300.0	974.389	2.0	859.0	62.0	833.0	30.0	4096.0	250.0	9	left	1
91.713634	7.0	3.0	79.759	-59.1867	23421400.0	971.837	4.0	830.0	46.0	856.0	36.0	66.0	254.0	9	left	1
91.814689	7.0	3.0	79.8618	-59.1221	24203000.0	973.185	2.0	868.0	40.0	864.0	27.0	0.0	295.0	9	left	1
91.915567	7.0	3.0	79.9022	-59.1846	22873500.0	973.716	5.0	818.0	56.0	824.0	31.0	0.0	279.0	9	left	1
92.015731	7.0	3.0	79.8135	-59.1853	24380200.0	972.552	3.0	858.0	66.0	846.0	36.0	0.0	322.0	9	left	1
92.116088	7.0	3.0	79.807	-59.1592	23528000.0	972.467	0.0	829.0	38.0	847.0	30.0	0.0	243.0	9	left	1
92.217012	7.0	3.0	79.9546	-59.2429	24632600.0	974.404	4.0	881.0	71.0	847.0	26.0	0.0	272.0	9	left	1
92.317108	7.0	3.0	80.0	-59.1958	24487400.0	975.0	8.0	863.0	56.0	864.0	21.0	0.0	240.0	9	left	1
92.418309	7.0	3.0	79.9169	-59.1267	27282400.0	973.91	3.0	963.0	44.0	970.0	25.0	0.0	267.0	9	left	1
92.518368	7.0	3.0	79.272	-59.1527	28731100.0	965.445	6.0	989.0	44.0	1017.0	36.0	0.0	335.0	9	left	1
92.618464	7.0	3.0	79.8272	-59.1415	26709700.0	972.732	3.0	926.0	62.0	904.0	24.0	0.0	307.0	9	left	1
92.718675	7.0	3.0	79.9096	-59.1842	25350400.0	973.814	5.0	885.0	47.0	926.0	35.0	2048.0	308.0	9	left	1
92.819470	7.0	3.0	80.0	-59.297	2837740.0	975.0	0.0	101.0	1.0	103.0	3.0	793.0	25.0	9	left	1
92.919471	7.0	3.0	79.7942	-59.1687	28054900.0	972.299	13.0	972.0	62.0	1000.0	48.0	65.0	400.0	9	left	1
93.019484	7.0	3.0	80.0	-59.2134	26846200.0	975.0	4.0	937.0	39.0	945.0	29.0	128.0	341.0	9	left	1
93.119489	7.0	3.0	79.8079	-59.2185	23611600.0	972.479	6.0	833.0	53.0	862.0	29.0	505.0	299.0	9	left	1
93.219612	7.0	3.0	79.8592	-59.1338	24219000.0	973.151	2.0	852.0	57.0	836.0	20.0	1056.0	306.0	9	left	1
93.319763	7.0	3.0	79.6643	-59.2194	23746000.0	970.594	2.0	834.0	50.0	849.0	32.0	0.0	263.0	9	left	1
93.420421	7.0	3.0	79.9097	-59.2889	25286900.0	973.815	5.0	886.0	73.0	859.0	26.0	0.0	302.0	9	left	1
93.520900	6.99396	3.0	79.5411	-59.1667	23528300.0	969.022	3.0	828.0	63.0	830.0	27.0	0.0	241.0	9	left	1
93.621655	7.0	3.0	79.9058	-59.2686	24080100.0	973.763	3.0	849.0	54.0	847.0	34.0	0.0	288.0	9	left	1
93.722228	7.0	3.0	79.9064	-59.1918	24039400.0	973.772	2.0	855.0	36.0	863.0	28.0	128.0	342.0	9	left	1
93.823560	7.0	3.0	79.388	-59.1694	26123200.0	966.967	12.0	915.0	94.0	914.0	47.0	1098.0	369.0	9	left	1
93.924174	7.0	3.0	79.3771	-59.1635	25741300.0	966.824	4.0	899.0	54.0	912.0	41.0	387.0	310.0	9	left	1
94.024842	7.0	3.0	80.0	-59.1783	24481500.0	975.0	2.0	858.0	41.0	891.0	39.0	30.0	309.0	9	left	1
94.125131	7.0	3.0	79.8326	-59.2992	27421100.0	972.803	5.0	956.0	73.0	945.0	40.0	2048.0	321.0	9	left	1
94.226473	7.0	3.0	79.7826	-59.162	26213400.0	972.147	8.0	920.0	47.0	949.0	39.0	256.0	331.0	9	left	1
94.327676	6.99619	3.0	79.5052	-59.1912	30469700.0	968.643	1.0	1051.0	54.0	1056.0	41.0	0.0	364.0	9	left	1
94.427683	7.0	3.0	79.8411	-59.1907	29227700.0	972.915	5.0	1007.0	51.0	1033.0	39.0	65.0	335.0	9	left	1
94.528146	7.0	3.0	80.0	-59.1592	30875300.0	975.0	3.0	1074.0	80.0	1060.0	43.0	0.0	401.0	9	left	1
94.629321	7.0	3.0	79.7284	-59.1377	29626000.0	971.435	5.0	1031.0	63.0	1061.0	45.0	258.0	397.0	9	left	1
94.729574	7.0	3.0	79.9622	-59.2715	30655800.0	974.503	6.0	1057.0	84.0	1053.0	44.0	0.0	363.0	9	left	1
94.830468	7.0	3.0	79.9185	-59.1427	28081500.0	973.93	7.0	981.0	81.0	996.0	34.0	131.0	348.0	9	left	1
94.930795	7.0	3.0	79.9628	-59.171	31430900.0	974.512	5.0	1076.0	109.0	1027.0	37.0	386.0	419.0	9	left	1
95.030991	6.99038	3.0	79.384	-59.1646	30116700.0	966.987	5.0	1039.0	62.0	1055.0	42.0	2048.0	404.0	9	left	1
95.131851	7.0	3.0	80.0	-59.2282	27787100.0	975.0	4.0	973.0	98.0	937.0	35.0	0.0	366.0	9	left	1
95.232071	7.0	3.0	79.8061	-59.063	23599100.0	972.455	2.0	825.0	34.0	852.0	28.0	1.0	296.0	9	left	1
95.332459	7.0	3.0	80.0	-59.2222	28824900.0	975.0	8.0	999.0	85.0	969.0	31.0	0.0	338.0	9	left	1
95.433458	7.0	3.0	79.5624	-59.1455	26222200.0	969.256	12.0	914.0	95.0	900.0	40.0	0.0	321.0	9	left	1
95.534207	7.0	3.0	80.0	-59.2006	28214600.0	975.0	3.0	982.0	44.0	987.0	30.0	0.0	318.0	9	left	1
95.635054	7.0	3.0	79.8045	-59.1828	29476700.0	972.434	0.0	1023.0	48.0	1056.0	43.0	1024.0	354.0	9	left	1
95.735637	7.0	3.0	79.7638	-59.2323	29112300.0	971.9	1.0	1016.0	69.0	988.0	30.0	0.0	318.0	9	left	1
95.837204	7.06416	2.89602	79.5575	-59.5962	25770200.0	944.982	17.0	904.0	73.0	952.0	57.0	0.0	355.0	9	left	1
95.938326	8.82456	2.08772	80.0	-62.693	3287940.0	875.561	5.0	114.0	8.0	924.0	71.0	2641.0	107.0	9	left	1
96.039573	8.00787	2.49606	78.1102	-61.1339	3697890.0	895.268	3.0	127.0	16.0	831.0	60.0	3423.0	97.0	9	left	1
96.141157	7.0	3.0	79.9583	-59.2461	27295000.0	974.453	5.0	959.0	63.0	957.0	44.0	552.0	309.0	9	left	1
96.241320	7.0	3.0	79.7422	-59.1536	26560100.0	971.617	5.0	931.0	56.0	935.0	27.0	0.0	326.0	9	left	1
96.341481	7.0	3.0	79.871	-59.1914	26786000.0	973.306	4.0	930.0	70.0	903.0	25.0	2656.0	284.0	9	left	1
96.441731	7.0	3.0	80.0	-59.1973	30150500.0	975.0	4.0	1044.0	67.0	1042.0	33.0	0.0	331.0	9	left	1
96.542249	6.97551	3.0	79.0204	-59.101	28383500.0	961.041	2.0	980.0	50.0	987.0	37.0	2052.0	354.0	9	left	1
96.642318	6.99705	3.0	79.8033	-59.1711	29475300.0	972.286	2.0	1017.0	49.0	1020.0	34.0	1024.0	336.0	9	left	1
96.742319	7.0	3.0	79.8356	-59.2282	27932600.0	972.842	10.0	973.0	105.0	937.0	31.0	0.0	345.0	9	left	1
96.842795	7.0	3.0	79.679	-59.2237	28737600.0	970.787	6.0	997.0	60.0	1020.0	50.0	1136.0	357.0	9	left	1
96.944013	6.98433	3.0	79.2948	-59.144	29487100.0	965.039	4.0	1021.0	47.0	1045.0	43.0	6.0	362.0	9	left	1
97.045169	6.9951	3.0	79.8041	-59.1224	29355400.0	972.209	6.0	1021.0	72.0	1004.0	37.0	0.0	370.0	9	left	1
97.145657	6.99693	3.0	79.7955	-59.2127	28117000.0	972.178	2.0	978.0	89.0	974.0	35.0	0.0	301.0	9	left	1
97.245957	7.0	3.0	79.9571	-59.2811	26616100.0	974.437	5.0	932.0	46.0	936.0	36.0	2048.0	269.0	9	left	1
97.347242	7.0	3.0	79.8259	-59.1817	26198700.0	972.715	2.0	919.0	46.0	932.0	27.0	0.0	275.0	9	left	1
97.448044	7.0	3.0	79.9142	-59.2768	26617900.0	973.873	4.0	932.0	72.0	913.0	35.0	0.0	268.0	9	left	1
97.548890	7.0	3.0	79.6318	-59.1818	24879900.0	970.167	0.0	869.0	57.0	885.0	28.0	0.0	291.0	9	left	1
97.651338	7.0	3.0	79.916	-59.2321	26795400.0	973.897	2.0	952.0	67.0	950.0	32.0	0.0	270.0	9	left	1
97.752303	7.0	3.0	79.8049	-59.201	29353600.0	972.439	10.0	1025.0	89.0	1030.0	54.0	7171.0	348.0	9	left	1
97.852677	7.0	3.0	79.8769	-59.1077	28210000.0	973.385	2.0	975.0	59.0	941.0	29.0	2048.0	290.0	9	left	1
97.952690	7.0	3.0	79.8321	-59.2057	27737400.0	972.796	9.0	953.0	68.0	958.0	31.0	2048.0	313.0	9	left	1
98.052747	7.0	3.0	79.9169	-59.2056	27580000.0	973.91	2.0	963.0	44.0	959.0	32.0	1286.0	274.0	9	left	1
98.153145	7.0	3.0	79.834	-59.2116	27817200.0	972.822	14.0	964.0	66.0	980.0	42.0	0.0	319.0	9	left	1
98.253778	7.0	3.0	79.9172	-59.2805	27604000.0	973.913	6.0	966.0	79.0	949.0	39.0	512.0	291.0	9	left	1
98.353779	6.5102	3.0	79.9093	-58.6531	25599300.0	926.054	8.0	882.0	60.0	883.0	26.0	128.0	194.0	9	left	1
98.454129	5.63415	3.0	79.9512	-57.6585	23371000.0	841.189	1.0	820.0	23.0	828.0	16.0	0.0	90.0	9	left	1
98.555174	6.99637	3.0	79.7337	-59.2349	23320600.0	971.531	6.0	826.0	53.0	828.0	17.0	0.0	222.0	9	left	1
98.656278	7.0	3.0	79.8194	-59.2833	24773000.0	972.63	4.0	886.0	52.0	861.0	20.0	0.0	247.0	9	left	1
98.756416	7.0	3.0	79.7972	-59.1901	22294500.0	972.338	3.0	789.0	47.0	793.0	18.0	0.0	215.0	9	left	1
98.856589	7.0	3.0	79.6318	-59.1623	24884700.0	970.167	2.0	869.0	46.0	862.0	23.0	0.0	268.0	9	left	1
98.957541	7.0	3.0	79.7209	-59.2174	24489500.0	971.337	7.0	860.0	59.0	877.0	26.0	2049.0	233.0	9	left	1
99.058056	7.0	3.0	79.9247	-59.2437	30777000.0	974.012	2.0	1063.0	71.0	1052.0	29.0	0.0	293.0	9	left	1
99.159505	7.0	3.0	79.6505	-59.1544	29723300.0	970.413	4.0	1030.0	94.0	988.0	34.0	0.0	311.0	9	left	1
99.260795	7.0	3.0	79.9213	-59.2116	29312100.0	973.967	2.0	1016.0	75.0	1026.0	33.0	0.0	313.0	9	left	1
99.361200	7.0	3.0	80.0	-59.2538	30580300.0	975.0	6.0	1056.0	53.0	1067.0	35.0	0.0	312.0	9	left	1
99.461389	7.0	3.0	79.7157	-59.2609	28781700.0	971.269	5.0	985.0	38.0	1021.0	29.0	0.0	343.0	9	left	1
99.561816	7.0	3.0	79.9244	-59.2146	30407400.0	974.008	3.0	1058.0	66.0	1061.0	44.0	2048.0	353.0	9	left	1
99.662237	7.0	3.0	80.0	-59.1985	26529300.0	975.0	8.0	922.0	45.0	974.0	39.0	0.0	301.0	9	left	1
99.763394	7.0	3.0	80.0	-59.223	29114200.0	975.0	1.0	1018.0	59.0	1025.0	32.0	0.0	329.0	9	left	1
99.864331	7.0	3.0	79.8717	-59.1722	26866800.0	973.316	3.0	935.0	62.0	952.0	35.0	257.0	280.0	9	left	1
99.964355	7.0	3.0	79.9179	-59.2738	28019600.0	973.923	6.0	975.0	66.0	957.0	31.0	2049.0	264.0	9	left	1
100.064791	7.0	3.0	79.4578	-59.1846	27531200.0	967.883	9.0	959.0	78.0	963.0	30.0	5248.0	262.0	9	left	1
100.165062	7.0	3.0	79.9228	-59.2992	30122700.0	973.986	8.0	1036.0	84.0	1006.0	26.0	0.0	297.0	9	left	1
100.266396	6.99898	3.0	79.5939	-59.2528	27978700.0	969.624	14.0	985.0	55.0	1009.0	27.0	0.0	257.0	9	left	1
100.368613	6.98429	3.0	79.3717	-59.0911	27036700.0	966.047	8.0	955.0	57.0	965.0	41.0	256.0	310.0	9	left	1
100.468744	6.95833	3.0	77.9386	-58.9002	26353800.0	946.069	16.0	912.0	122.0	946.0	40.0	2198.0	305.0	9	left	1
100.569002	6.99716	3.0	79.8486	-59.2356	30655100.0	972.886	3.0	1057.0	48.0	1067.0	35.0	4292.0	316.0	9	left	1
100.670083	7.0	3.0	79.9563	-59.2612	26187500.0	974.426	12.0	915.0	62.0	929.0	26.0	0.0	288.0	9	left	1
100.770382	7.0	3.0	79.8751	-59.1655	27572700.0	973.361	7.0	961.0	68.0	939.0	32.0	0.0	298.0	9	left	1
100.871043	7.0	3.0	79.7884	-59.1852	27160700.0	972.222	1.0	945.0	32.0	1001.0	32.0	0.0	323.0	9	left	1
100.971356	7.0	3.0	79.9174	-59.2727	27754900.0	973.915	1.0	968.0	51.0	970.0	29.0	0.0	297.0	9	left	1
101.071660	7.0	3.0	79.8697	-59.1933	26635000.0	973.29	8.0	921.0	103.0	918.0	40.0	0.0	312.0	9	left	1
101.172573	7.0	3.0	79.9166	-59.2701	27552200.0	973.905	6.0	959.0	68.0	946.0	33.0	2049.0	291.0	9	left	1
101.272934	7.0	3.0	79.7084	-59.2904	23700600.0	971.173	3.0	823.0	47.0	845.0	21.0	6.0	251.0	9	left	1
101.373737	7.0	3.0	79.9596	-59.2073	28281800.0	974.469	3.0	989.0	44.0	978.0	18.0	0.0	257.0	9	left	1
101.474860	7.0	3.0	79.8352	-59.2358	27937000.0	972.837	2.0	971.0	82.0	973.0	31.0	0.0	313.0	9	left	1
101.576001	7.0	3.0	79.8837	-59.2907	29637100.0	973.474	8.0	1032.0	82.0	1002.0	27.0	0.0	329.0	9	left	1
101.676795	7.0	3.0	79.9183	-59.2451	27899500.0	973.927	5.0	979.0	55.0	992.0	28.0	0.0	303.0	9	left	1
101.776958	7.0	3.0	79.8479	-59.2234	30589400.0	973.004	4.0	1052.0	105.0	1017.0	35.0	1821.0	357.0	9	left	1
101.878483	7.0	3.0	79.882	-59.1878	29096700.0	973.451	4.0	1017.0	34.0	1061.0	30.0	0.0	341.0	9	left	1
101.978616	7.0	3.0	80.0	-59.2398	29159700.0	975.0	9.0	1005.0	86.0	979.0	41.0	0.0	342.0	9	left	1
102.079027	7.0	3.0	79.9608	-59.1843	29495900.0	974.485	13.0	1020.0	77.0	1018.0	34.0	0.0	354.0	9	left	1
102.179066	7.0	3.0	79.8377	-59.1805	28747200.0	972.87	23.0	986.0	163.0	936.0	54.0	64.0	419.0	9	left	1
102.279102	6.54327	3.0	79.9583	-58.562	27688400.0	929.922	18.0	959.0	69.0	947.0	30.0	0.0	269.0	9	left	1
102.379122	6.725	2.43676	79.4118	-60.3382	19633100.0	775.721	16.0	680.0	21.0	946.0	109.0	2053.0	324.0	9	left	1
102.479648	8.19084	2.00254	79.8982	-63.2417	11524400.0	795.791	22.0	393.0	22.0	963.0	126.0	1054.0	333.0	9	left	1
102.580660	6.841	2.95816	79.9442	-58.9679	20484800.0	946.206	15.0	717.0	60.0	952.0	54.0	274.0	235.0	9	left	1
102.680726	6.29953	3.0	79.8585	-58.1226	24344800.0	904.847	37.0	848.0	111.0	808.0	39.0	0.0	216.0	9	left	1
102.780811	6.22667	3.0	79.6606	-57.9648	23387200.0	895.145	11.0	825.0	106.0	822.0	38.0	0.0	203.0	9	left	1
102.881997	5.40385	3.0	79.8077	-57.3233	23602000.0	816.851	17.0	832.0	34.0	828.0	15.0	0.0	69.0	9	left	1
102.982583	5.25556	3.0	79.8222	-57.0256	25940700.0	802.583	10.0	900.0	54.0	920.0	19.0	1027.0	62.0	9	left	1
103.082967	7.28759	2.71429	80.0	-60.2387	15379700.0	918.712	17.0	532.0	58.0	906.0	73.0	2898.0	271.0	9	left	1
103.183318	7.0	3.0	79.6624	-59.1951	27216200.0	970.57	4.0	948.0	54.0	962.0	31.0	0.0	337.0	9	left	1
103.284443	7.0	3.0	80.0	-59.285	27544400.0	975.0	1.0	965.0	58.0	959.0	31.0	64.0	305.0	9	left	1
103.384978	7.0	3.0	79.9154	-59.259	27210800.0	973.89	0.0	946.0	53.0	958.0	31.0	0.0	341.0	9	left	1
103.486122	7.0	3.0	79.9094	-59.2695	24984600.0	973.811	7.0	883.0	65.0	859.0	26.0	0.0	294.0	9	left	1
103.586660	7.0	3.0	79.6438	-59.1908	22446300.0	970.324	2.0	786.0	43.0	823.0	25.0	0.0	264.0	9	left	1
103.687071	7.0	3.0	79.955	-59.2511	25275600.0	974.409	3.0	888.0	80.0	866.0	32.0	255.0	299.0	9	left	1
103.787918	7.0	3.0	79.7587	-59.2002	23396800.0	971.834	5.0	829.0	58.0	849.0	32.0	0.0	307.0	9	left	1
103.889136	7.0	3.0	79.8481	-59.2494	22046100.0	973.006	0.0	790.0	30.0	798.0	30.0	4088.0	278.0	9	left	1
103.989188	7.0	3.0	79.5789	-59.1553	21326600.0	969.474	2.0	760.0	30.0	789.0	30.0	256.0	258.0	9	left	1
104.089202	7.0	3.0	80.0	-59.2701	24804400.0	975.0	4.0	870.0	53.0	865.0	25.0	0.0	290.0	9	left	1
104.189986	7.0	3.0	79.9145	-59.2703	26729500.0	973.878	4.0	936.0	58.0	970.0	38.0	321.0	287.0	9	left	1
104.290972	7.0	3.0	79.7753	-59.2163	30711000.0	972.051	13.0	1068.0	85.0	1042.0	36.0	0.0	361.0	9	left	1
104.391705	7.0	3.0	79.6967	-59.2531	30478000.0	971.019	8.0	1055.0	53.0	1084.0	41.0	0.0	353.0	9	left	1
104.493163	7.0	3.0	79.9198	-59.2146	28429700.0	973.947	2.0	997.0	46.0	1030.0	41.0	3301.0	292.0	9	left	1
104.594383	7.0	3.0	79.8033	-59.2075	29152700.0	972.419	8.0	1017.0	64.0	1035.0	45.0	768.0	326.0	9	left	1
104.695031	7.0	3.0	79.9209	-59.2502	29150500.0	973.961	6.0	1011.0	73.0	994.0	37.0	0.0	335.0	9	left	1
104.795966	7.0	3.0	79.921	-59.2922	29130200.0	973.963	3.0	1013.0	50.0	1007.0	30.0	0.0	300.0	9	left	1
104.897104	7.0	3.0	79.8319	-59.1954	27125600.0	972.794	4.0	952.0	74.0	950.0	32.0	0.0	267.0	9	left	1
104.997507	7.0	3.0	79.7967	-59.1829	28374400.0	972.332	3.0	984.0	52.0	983.0	32.0	2049.0	296.0	9	left	1
105.097784	7.0	3.0	79.799	-59.2553	28839000.0	972.362	2.0	995.0	54.0	1024.0	26.0	0.0	281.0	9	left	1
105.197935	7.0	3.0	79.1244	-59.197	24915600.0	963.508	9.0	868.0	82.0	874.0	41.0	4096.0	252.0	9	left	1
105.298251	7.0	3.0	79.8222	-59.2189	26087800.0	972.667	2.0	900.0	106.0	908.0	42.0	1448.0	271.0	9	left	1
105.399432	7.0	3.0	80.0	-59.2285	27193200.0	975.0	4.0	954.0	36.0	965.0	27.0	129.0	267.0	9	left	1
105.500123	7.0	3.0	79.9534	-59.2156	24522400.0	974.388	0.0	858.0	59.0	877.0	31.0	0.0	285.0	9	left	1
105.600596	7.0	3.0	79.8517	-59.1904	22853900.0	973.053	2.0	809.0	39.0	808.0	32.0	0.0	242.0	9	left	1
105.701083	7.0	3.0	79.857	-59.2467	23911600.0	973.123	1.0	839.0	58.0	859.0	20.0	0.0	244.0	9	left	1
105.801093	7.0	3.0	79.9079	-59.252	24956400.0	973.792	5.0	869.0	49.0	852.0	18.0	0.0	240.0	9	left	1
105.901239	7.0	3.0	79.8072	-59.2145	23577600.0	972.47	13.0	830.0	53.0	836.0	28.0	0.0	255.0	9	left	1
106.001536	7.0	3.0	79.9095	-59.25	25272200.0	973.812	7.0	884.0	64.0	849.0	18.0	2048.0	249.0	9	left	1
106.101540	7.0	3.0	79.8563	-59.1988	23615100.0	973.114	3.0	835.0	65.0	830.0	24.0	0.0	248.0	9	left	1
106.202125	7.0	3.0	79.9042	-59.2084	23585400.0	973.743	6.0	835.0	48.0	822.0	20.0	265.0	249.0	9	left	1
106.302252	6.80764	3.0	79.8027	-58.9593	23281900.0	953.656	1.0	811.0	60.0	807.0	18.0	0.0	236.0	9	left	1
106.402416	5.95573	3.0	79.9092	-58.0204	25044100.0	871.992	1.0	881.0	56.0	870.0	20.0	128.0	115.0	9	left	1
106.503296	7.0	3.0	79.5157	-59.2058	22938300.0	968.644	1.0	826.0	50.0	854.0	35.0	512.0	236.0	9	left	1
106.603820	7.0	3.0	79.8491	-59.2755	22274700.0	973.019	2.0	795.0	50.0	783.0	28.0	1.0	227.0	9	left	1
106.704641	7.0	3.0	79.8005	-59.1883	22544900.0	972.382	3.0	802.0	34.0	839.0	28.0	0.0	232.0	9	left	1
106.805510	7.0	3.0	80.0	-59.2457	24398600.0	975.0	6.0	871.0	57.0	844.0	23.0	130.0	278.0	9	left	1
106.906578	7.0	3.0	79.4279	-59.2181	23549400.0	967.491	3.0	839.0	50.0	861.0	24.0	0.0	259.0	9	left	1
107.007350	7.0	3.0	79.9009	-59.2739	22439800.0	973.699	2.0	807.0	28.0	817.0	27.0	0.0	228.0	9	left	1
107.108436	7.0	3.0	79.9517	-59.2089	23162700.0	974.366	1.0	828.0	52.0	844.0	24.0	3209.0	228.0	9	left	1
107.208479	7.0	3.0	80.0	-59.285	24725800.0	975.0	0.0	856.0	56.0	843.0	23.0	0.0	212.0	9	left	1
107.308596	7.0	3.0	79.8429	-59.2513	21632300.0	972.938	2.0	764.0	43.0	765.0	24.0	0.0	206.0	9	left	1
107.408613	7.0	3.0	79.9539	-59.2166	24755900.0	974.395	6.0	868.0	63.0	845.0	27.0	0.0	241.0	9	left	1
107.509046	7.0	3.0	79.9523	-59.1883	23699200.0	974.374	4.0	839.0	30.0	846.0	17.0	0.0	260.0	9	left	1
107.609812	7.0	3.0	79.8091	-59.2411	23574200.0	972.494	9.0	838.0	59.0	840.0	30.0	0.0	216.0	9	left	1
107.710744	7.0	3.0	80.0	-59.2442	24424800.0	975.0	2.0	864.0	39.0	859.0	18.0	0.0	220.0	9	left	1
107.811407	7.0	3.0	79.596	-59.1035	22508600.0	969.697	28.0	792.0	109.0	774.0	41.0	2563.0	265.0	9	left	1
107.911452	6.82884	3.0	79.9531	-58.9742	24402500.0	957.696	23.0	853.0	103.0	842.0	36.0	0.0	244.0	9	left	1
108.012017	7.0	3.0	79.6594	-59.129	23140000.0	970.529	19.0	822.0	101.0	790.0	32.0	2048.0	242.0	9	left	1
108.113005	7.0	3.0	80.0	-59.2896	25342900.0	975.0	4.0	891.0	87.0	863.0	29.0	0.0	246.0	9	left	1
108.213493	7.0	3.0	79.9493	-59.0279	22545700.0	974.335	28.0	789.0	105.0	795.0	51.0	484.0	272.0	9	left	1
108.313933	7.0	3.0	79.9153	-59.2169	27101400.0	973.889	8.0	945.0	44.0	939.0	27.0	4096.0	252.0	9	left	1
108.414230	5.90247	3.0	80.0	-57.8725	26854400.0	867.99	18.0	933.0	91.0	938.0	30.0	1023.0	142.0	9	left	1
108.514651	6.04098	2.78962	79.1257	-58.3811	21215300.0	808.201	18.0	732.0	61.0	989.0	63.0	527.0	195.0	9	left	1
108.614660	6.1875	3.0	79.6371	-58.0514	29150200.0	891.018	38.0	992.0	150.0	997.0	48.0	256.0	225.0	9	left	1
108.714660	5.64423	3.0	79.2692	-57.25	30519600.0	833.221	33.0	1040.0	127.0	1006.0	30.0	0.0	160.0	9	left	1
108.815344	6.23002	3.0	79.922	-58.2368	29748700.0	898.904	9.0	1026.0	89.0	1010.0	32.0	64.0	227.0	9	left	1
108.916540	6.72089	3.0	80.0	-58.9538	29984000.0	947.786	6.0	1039.0	78.0	1038.0	43.0	258.0	278.0	9	left	1
109.017395	7.0	3.0	79.9155	-59.1457	27439500.0	973.891	6.0	947.0	60.0	946.0	23.0	0.0	261.0	9	left	1
109.118059	7.0	3.0	80.0	-59.1921	23641200.0	975.0	1.0	833.0	36.0	829.0	23.0	0.0	206.0	9	left	1
109.218764	7.0	3.0	79.7108	-59.2241	23582200.0	971.205	1.0	830.0	61.0	846.0	25.0	0.0	222.0	9	left	1
109.319080	7.0	3.0	79.9527	-59.1749	23958200.0	974.379	2.0	846.0	41.0	836.0	16.0	0.0	234.0	9	left	1
109.420228	7.0	3.0	79.308	-59.1984	24506400.0	965.917	4.0	867.0	42.0	888.0	28.0	1.0	247.0	9	left	1
109.521050	7.0	3.0	79.8905	-59.2546	31786700.0	973.563	7.0	1096.0	80.0	1069.0	30.0	907.0	320.0	9	left	1
109.621399	7.0	3.0	79.9201	-59.1908	29092600.0	973.951	7.0	1001.0	69.0	1023.0	30.0	642.0	294.0	9	left	1
109.722448	7.0	3.0	79.9099	-59.2455	25206100.0	973.818	9.0	888.0	32.0	890.0	20.0	0.0	218.0	9	left	1
109.822458	7.0	3.0	79.9504	-59.2407	23017900.0	974.349	5.0	806.0	54.0	831.0	34.0	0.0	217.0	9	left	1
109.923677	7.0	3.0	79.9529	-59.1378	23896700.0	974.382	4.0	849.0	46.0	839.0	26.0	258.0	252.0	9	left	1
110.023834	7.0	3.0	79.8118	-59.16	24118400.0	972.529	0.0	850.0	45.0	860.0	32.0	192.0	242.0	9	left	1
110.123967	7.0	3.0	79.8588	-59.1965	24095700.0	973.147	1.0	850.0	46.0	846.0	18.0	0.0	226.0	9	left	1
110.224430	7.0	3.0	79.9058	-59.2485	24046000.0	973.763	3.0	849.0	45.0	840.0	22.0	0.0	229.0	9	left	1
110.325234	7.0	3.0	79.8504	-59.212	22576900.0	973.036	6.0	802.0	64.0	819.0	28.0	0.0	220.0	9	left	1
110.425391	7.0	3.0	79.9532	-59.2082	24259500.0	974.386	1.0	855.0	55.0	849.0	30.0	2048.0	200.0	9	left	1
110.525938	7.0	3.0	79.8986	-59.2383	22280700.0	973.669	5.0	789.0	33.0	838.0	24.0	0.0	221.0	9	left	1
110.625938	7.0	3.0	79.9077	-59.2353	24576600.0	973.789	3.0	867.0	55.0	862.0	25.0	0.0	212.0	9	left	1
110.726224	6.97677	3.0	78.9731	-59.0623	22963700.0	960.477	10.0	818.0	48.0	828.0	29.0	1122.0	252.0	9	left	1
110.826961	6.99202	3.0	79.6807	-59.1847	24691600.0	970.45	1.0	877.0	50.0	863.0	19.0	3.0	244.0	9	left	1
110.927724	6.99394	3.0	79.6606	-59.1212	23054900.0	970.273	3.0	825.0	49.0	849.0	27.0	0.0	238.0	9	left	1
111.028329	7.0	3.0	80.0	-59.1908	24474500.0	975.0	4.0	865.0	48.0	858.0	24.0	2048.0	206.0	9	left	1
111.128554	6.98229	3.0	79.2444	-59.2267	23933600.0	964.286	5.0	847.0	54.0	855.0	25.0	0.0	213.0	9	left	1
111.229443	6.99388	3.0	79.7552	-59.1603	23037600.0	971.512	0.0	817.0	35.0	809.0	21.0	1024.0	211.0	9	left	1
111.329903	6.96893	3.0	78.7112	-58.9931	24541700.0	956.686	9.0	869.0	63.0	849.0	29.0	0.0	265.0	9	left	1
111.430412	6.98102	3.0	79.1934	-59.089	23774200.0	963.559	4.0	843.0	52.0	844.0	29.0	0.0	226.0	9	left	1
111.531349	6.98463	3.0	79.3381	-59.0165	23930800.0	965.621	2.0	846.0	49.0	834.0	19.0	0.0	235.0	9	left	1
111.632063	6.99334	3.0	79.7336	-59.2309	25600500.0	971.204	3.0	901.0	52.0	883.0	21.0	1649.0	236.0	9	left	1
111.732097	6.97849	3.0	79.092	-59.0538	23791400.0	962.115	7.0	837.0	54.0	851.0	27.0	0.0	234.0	9	left	1
111.832184	6.98925	3.0	79.5699	-59.1761	20990200.0	968.871	2.0	744.0	31.0	742.0	23.0	512.0	206.0	9	left	1
111.932857	6.98323	3.0	79.2814	-59.0611	23459200.0	964.814	4.0	835.0	36.0	851.0	28.0	0.0	254.0	9	left	1
112.032961	6.99276	3.0	79.7105	-59.2171	23618400.0	970.875	3.0	829.0	38.0	815.0	16.0	0.0	195.0	9	left	1
112.133187	6.9869	3.0	79.2857	-59.1286	23612300.0	965.036	5.0	840.0	47.0	837.0	30.0	128.0	210.0	9	left	1
112.234132	7.0	3.0	79.9059	-59.2176	23752200.0	973.765	5.0	850.0	55.0	825.0	22.0	0.0	222.0	9	left	1
112.334768	7.0	3.0	79.4686	-59.1558	23312000.0	968.025	4.0	828.0	44.0	843.0	28.0	0.0	219.0	9	left	1
112.435309	7.0	3.0	79.9515	-59.1879	23091600.0	974.364	7.0	825.0	38.0	816.0	16.0	0.0	200.0	9	left	1
112.535693	7.0	3.0	79.8558	-59.1346	23373000.0	973.107	2.0	832.0	52.0	844.0	21.0	289.0	245.0	9	left	1
112.635704	7.0	3.0	79.9068	-59.2599	24312000.0	973.776	2.0	858.0	55.0	844.0	25.0	0.0	221.0	9	left	1
112.735975	7.0	3.0	78.4267	-59.0667	23689700.0	954.35	0.0	839.0	67.0	858.0	28.0	0.0	249.0	9	left	1
112.836729	7.0	3.0	79.4749	-59.1599	23576400.0	968.109	5.0	838.0	63.0	855.0	30.0	0.0	244.0	9	left	1
112.937542	7.0	3.0	80.0	-59.2148	24719700.0	975.0	4.0	880.0	53.0	874.0	30.0	0.0	239.0	9	left	1
113.038263	7.0	3.0	79.9507	-59.2109	22828500.0	974.353	6.0	811.0	45.0	850.0	29.0	0.0	250.0	9	left	1
113.138270	7.0	3.0	79.9065	-59.264	24402300.0	973.773	8.0	856.0	59.0	846.0	26.0	0.0	223.0	9	left	1
113.239364	7.0	3.0	79.8795	-59.1436	28351500.0	973.419	6.0	996.0	61.0	1010.0	30.0	2048.0	279.0	9	left	1
113.339444	7.0	3.0	79.9632	-59.2486	31531400.0	974.517	5.0	1086.0	79.0	1076.0	31.0	0.0	302.0	9	left	1
113.440577	6.99309	3.0	79.5656	-59.1441	29192500.0	968.988	5.0	1013.0	49.0	1033.0	35.0	592.0	304.0	9	left	1
113.541659	6.98857	3.0	79.5429	-59.1952	29877700.0	968.486	4.0	1050.0	63.0	1028.0	26.0	0.0	281.0	9	left	1
113.642580	6.99596	3.0	79.7573	-59.1891	28351300.0	971.633	0.0	989.0	41.0	1025.0	36.0	0.0	329.0	9	left	1
113.743266	7.0	3.0	79.8069	-59.2346	29624500.0	972.466	1.0	1036.0	47.0	1037.0	37.0	64.0	297.0	9	left	1
113.843736	7.0	3.0	79.7482	-59.2382	27578100.0	971.695	6.0	953.0	69.0	953.0	42.0	2630.0	319.0	9	left	1
113.944657	7.0	3.0	79.8718	-59.2062	26665600.0	973.317	7.0	936.0	71.0	889.0	17.0	0.0	221.0	9	left	1
114.045047	7.0	3.0	79.7674	-59.2337	24251000.0	971.948	5.0	860.0	54.0	845.0	20.0	1280.0	247.0	9	left	1
114.145056	7.0	3.0	79.9581	-59.1916	27344300.0	974.45	3.0	955.0	43.0	956.0	29.0	0.0	272.0	9	left	1
114.245423	7.0	3.0	79.8066	-59.2563	29940700.0	972.461	7.0	1034.0	56.0	1048.0	26.0	0.0	307.0	9	left	1
114.345426	7.0	3.0	79.8489	-59.2247	30674800.0	973.017	5.0	1059.0	56.0	1065.0	34.0	0.0	303.0	9	left	1
114.445967	7.0	3.0	79.8274	-59.2449	26515900.0	972.735	2.0	927.0	70.0	936.0	36.0	0.0	283.0	9	left	1
114.546935	7.0	3.0	80.0	-59.2412	27618800.0	975.0	3.0	966.0	56.0	977.0	35.0	0.0	287.0	9	left	1
114.647802	6.99009	3.0	79.4053	-59.098	26143200.0	967.269	6.0	908.0	102.0	906.0	30.0	0.0	278.0	9	left	1
114.748074	7.0	3.0	79.9155	-59.2376	27222600.0	973.891	3.0	947.0	65.0	935.0	25.0	0.0	268.0	9	left	1
114.848480	7.0	3.0	79.8513	-59.1735	22685600.0	973.048	5.0	807.0	39.0	805.0	18.0	2048.0	247.0	9	left	1
114.948961	7.0	3.0	80.0	-59.1804	29793300.0	975.0	4.0	1042.0	63.0	1011.0	26.0	0.0	279.0	9	left	1
115.049377	7.0	3.0	79.4811	-59.1875	24711300.0	968.19	12.0	848.0	155.0	868.0	35.0	0.0	270.0	9	left	1
115.150155	7.0	3.0	79.857	-59.1692	23753400.0	973.123	4.0	839.0	44.0	838.0	24.0	0.0	236.0	9	left	1
115.250157	7.0	3.0	80.0	-59.2021	21980700.0	975.0	5.0	772.0	25.0	818.0	35.0	640.0	237.0	9	left	1
115.350303	7.0	3.0	79.9109	-59.2416	25621400.0	973.831	7.0	898.0	92.0	849.0	28.0	0.0	260.0	9	left	1
115.450937	7.0	3.0	80.0	-59.2113	24112400.0	975.0	1.0	852.0	49.0	847.0	31.0	1024.0	252.0	9	left	1
115.550944	7.0	3.0	80.0	-59.2324	25492700.0	975.0	10.0	882.0	56.0	903.0	35.0	2048.0	223.0	9	left	1
115.651065	7.0	3.0	79.5046	-59.2693	28274400.0	968.498	4.0	969.0	133.0	954.0	43.0	0.0	306.0	9	left	1
115.751555	7.0	3.0	79.8357	-59.1581	27889400.0	972.844	2.0	974.0	75.0	977.0	30.0	1153.0	296.0	9	left	1
115.852154	7.0	3.0	79.7536	-59.2331	28041500.0	971.766	1.0	974.0	49.0	965.0	26.0	0.0	289.0	9	left	1
115.952211	7.0	3.0	79.8289	-59.2567	27058700.0	972.754	5.0	935.0	72.0	964.0	32.0	256.0	288.0	9	left	1
116.052214	7.0	3.0	79.8741	-59.2078	27284600.0	973.347	5.0	953.0	54.0	952.0	38.0	2304.0	282.0	9	left	1
116.153179	7.0	3.0	79.7619	-59.2292	28847500.0	971.875	7.0	1008.0	85.0	993.0	25.0	0.0	292.0	9	left	1
116.253708	7.0	3.0	79.9179	-59.1653	27834800.0	973.922	2.0	974.0	62.0	972.0	29.0	137.0	275.0	9	left	1
116.354356	7.0	3.0	79.9059	-59.2494	23970000.0	973.765	2.0	850.0	56.0	841.0	18.0	0.0	202.0	9	left	1
116.454641	7.0	3.0	79.904	-59.2653	23744200.0	973.739	8.0	833.0	51.0	826.0	27.0	0.0	251.0	9	left	1
116.554912	7.0	3.0	79.5062	-59.1313	25385800.0	968.519	19.0	891.0	51.0	922.0	33.0	3572.0	297.0	9	left	1
116.655102	7.0	3.0	79.9221	-59.2425	29929600.0	973.978	5.0	1027.0	62.0	1016.0	31.0	1024.0	283.0	9	left	1
116.755268	7.0	3.0	79.7211	-59.1833	28938900.0	971.34	0.0	1004.0	71.0	984.0	37.0	128.0	269.0	9	left	1
116.855891	7.0	3.0	79.9587	-59.2686	27653600.0	974.458	3.0	968.0	44.0	989.0	38.0	0.0	272.0	9	left	1
116.956357	7.0	3.0	79.8755	-59.2023	27709200.0	973.366	7.0	964.0	53.0	982.0	30.0	0.0	222.0	9	left	1
117.056655	7.0	3.0	79.5776	-59.2408	27124500.0	969.456	0.0	947.0	40.0	985.0	41.0	0.0	287.0	9	left	1
117.156677	7.0	3.0	79.7425	-59.1674	26975700.0	971.62	8.0	932.0	72.0	908.0	25.0	269.0	279.0	9	left	1
117.257569	7.0	3.0	80.0	-59.2585	28336500.0	975.0	2.0	998.0	49.0	1010.0	32.0	0.0	266.0	9	left	1
117.357821	6.60047	3.0	80.0	-58.7145	24605400.0	936.046	4.0	851.0	72.0	844.0	23.0	0.0	181.0	9	left	1
117.457862	5.70865	3.0	80.0	-57.7077	30996500.0	849.093	1.0	1064.0	39.0	1053.0	14.0	0.0	122.0	9	left	1
117.558477	7.0	3.0	80.0	-59.2725	29195200.0	975.0	7.0	1020.0	81.0	996.0	29.0	0.0	356.0	9	left	1
117.659451	7.0	3.0	79.6503	-59.2055	26067300.0	970.41	1.0	915.0	40.0	921.0	30.0	1.0	244.0	9	left	1
117.760215	7.0	3.0	79.871	-59.2194	26688100.0	973.306	2.0	930.0	36.0	973.0	33.0	0.0	259.0	9	left	1
117.860677	7.0	3.0	79.8783	-59.2505	28388500.0	973.403	15.0	986.0	70.0	970.0	35.0	0.0	260.0	9	left	1
117.961592	7.0	3.0	79.8741	-59.1805	27233000.0	973.347	19.0	953.0	73.0	951.0	33.0	1287.0	284.0	9	left	1
118.061621	6.99196	3.0	79.4372	-59.0714	28758400.0	967.673	24.0	995.0	118.0	962.0	38.0	397.0	297.0	9	left	1
118.162054	5.65708	3.0	80.0	-57.5431	27859300.0	844.066	16.0	974.0	66.0	955.0	24.0	1112.0	129.0	9	left	1
118.262101	6.29268	3.0	79.7339	-58.3548	26143400.0	902.544	15.0	902.0	68.0	930.0	36.0	0.0	211.0	9	left	1
118.362125	7.0	3.0	79.8778	-59.165	28404100.0	973.396	11.0	982.0	108.0	943.0	40.0	384.0	288.0	9	left	1
118.462907	7.15876	2.39381	79.8351	-60.9134	14038600.0	810.318	42.0	485.0	53.0	956.0	109.0	3616.0	272.0	9	left	1
118.563081	7.2103	2.81974	79.8283	-59.8398	20173300.0	940.18	41.0	699.0	128.0	907.0	68.0	65.0	290.0	9	left	1
118.663373	5.82074	3.0	79.6392	-57.6945	25209200.0	855.287	5.0	887.0	55.0	886.0	20.0	0.0	100.0	9	left	1
118.763415	8.01325	2.08609	79.8675	-62.8212	8878700.0	803.06	33.0	302.0	46.0	965.0	91.0	2127.0	250.0	9	left	1
118.863418	7.33853	2.74165	78.8419	-59.8976	13076200.0	916.316	19.0	449.0	89.0	753.0	66.0	3089.0	223.0	9	left	1
118.964487	7.0	3.0	80.0	-59.1316	28548100.0	975.0	14.0	988.0	61.0	1001.0	38.0	0.0	285.0	9	left	1
119.065486	6.03146	3.0	79.1461	-57.9865	25632700.0	870.067	18.0	890.0	124.0	894.0	26.0	0.0	147.0	9	left	1
119.166715	5.00703	3.0	79.9532	-56.8829	24209600.0	780.07	0.0	854.0	3.0	867.0	6.0	0.0	1.0	9	left	1
119.266863	6.85806	3.0	79.957	-59.0376	26624800.0	960.597	8.0	930.0	36.0	965.0	24.0	0.0	232.0	9	left	1
119.367893	7.0	3.0	79.9232	-59.2438	29841200.0	973.992	5.0	1042.0	84.0	1015.0	29.0	2051.0	301.0	9	left	1
119.468452	7.0	3.0	79.8747	-59.2724	27330700.0	973.356	9.0	958.0	38.0	985.0	27.0	0.0	282.0	9	left	1
119.568811	7.0	3.0	79.9524	-59.225	23611800.0	974.375	4.0	840.0	26.0	850.0	14.0	0.0	219.0	9	left	1
119.669733	7.0	3.0	79.7248	-59.242	25000700.0	971.388	7.0	872.0	59.0	866.0	20.0	0.0	235.0	9	left	1
119.770906	7.0	3.0	79.9601	-59.1926	28574400.0	974.476	2.0	1002.0	38.0	1007.0	32.0	0.0	297.0	9	left	1
119.870910	7.0	3.0	79.252	-59.1181	29296000.0	965.182	8.0	1016.0	64.0	1027.0	39.0	2304.0	317.0	9	left	1
119.970913	7.0	3.0	80.0	-59.2657	29402800.0	975.0	2.0	1016.0	58.0	1023.0	31.0	1024.0	285.0	9	left	1
120.071555	7.0	3.0	79.4631	-59.2528	25655700.0	967.953	6.0	894.0	64.0	904.0	32.0	2687.0	230.0	9	left	1
120.171884	7.0	3.0	79.8034	-59.2641	22754800.0	972.42	1.0	814.0	44.0	815.0	20.0	0.0	199.0	9	left	1
120.271930	7.0	3.0	79.9511	-59.2017	23184600.0	974.358	2.0	818.0	39.0	842.0	19.0	0.0	219.0	9	left	1
120.373102	7.0	3.0	79.7773	-59.2004	25048700.0	972.077	3.0	898.0	77.0	851.0	19.0	0.0	237.0	9	left	1
120.474088	7.0	3.0	79.9512	-59.2049	23255200.0	974.36	1.0	820.0	37.0	852.0	21.0	0.0	192.0	9	left	1
120.575520	7.0	3.0	79.9054	-59.208	23574800.0	973.759	1.0	846.0	53.0	841.0	29.0	512.0	225.0	9	left	1
120.675925	7.0	3.0	79.9097	-59.2009	25111000.0	973.815	2.0	886.0	47.0	871.0	25.0	0.0	238.0	9	left	1
120.775926	6.97742	3.0	79.0464	-59.1531	22454300.0	961.468	3.0	797.0	49.0	792.0	20.0	2048.0	213.0	9	left	1
120.876476	6.99571	3.0	79.8283	-59.1727	26429600.0	972.554	5.0	932.0	33.0	937.0	19.0	0.0	220.0	9	left	1
120.976995	6.96915	3.0	78.7234	-59.0298	27090500.0	956.856	3.0	940.0	34.0	959.0	34.0	0.0	263.0	9	left	1
121.077907	6.99221	3.0	79.5716	-59.1324	29400700.0	969.026	0.0	1027.0	43.0	1023.0	24.0	0.0	283.0	9	left	1
121.179385	6.97716	3.0	78.9275	-59.1112	29027900.0	959.896	8.0	1007.0	76.0	985.0	27.0	2017.0	289.0	9	left	1
121.280329	7.0	3.0	80.0	-59.3084	26838700.0	975.0	3.0	937.0	49.0	951.0	31.0	256.0	233.0	9	left	1
121.381205	6.9936	3.0	79.5731	-59.19	26812800.0	969.109	1.0	937.0	33.0	961.0	30.0	1024.0	231.0	9	left	1
121.482347	7.0	3.0	79.9574	-59.2226	26685000.0	974.441	1.0	939.0	18.0	968.0	30.0	128.0	250.0	9	left	1
121.583554	7.0	3.0	79.8356	-59.2292	27572500.0	972.842	12.0	973.0	61.0	1002.0	32.0	2309.0	266.0	9	left	1
121.684739	7.0	3.0	79.8326	-59.3316	27328400.0	972.803	0.0	956.0	38.0	983.0	34.0	0.0	280.0	9	left	1
121.785819	7.0	3.0	79.751	-59.1909	27480700.0	971.732	2.0	964.0	67.0	985.0	26.0	1282.0	250.0	9	left	1
121.886612	7.0	3.0	79.9174	-59.218	27802300.0	973.915	6.0	968.0	58.0	969.0	36.0	2048.0	274.0	9	left	1
121.987475	6.9695	3.0	78.6928	-59.0414	26231500.0	956.471	6.0	918.0	57.0	913.0	27.0	0.0	280.0	9	left	1
122.087477	7.0	3.0	79.1676	-59.2541	26315300.0	964.074	4.0	913.0	105.0	920.0	36.0	31.0	250.0	9	left	1
122.188621	7.0	3.0	79.8325	-59.2325	27084000.0	972.801	2.0	955.0	39.0	987.0	30.0	0.0	224.0	9	left	1
122.289319	7.0	3.0	80.0	-59.2489	26814700.0	975.0	4.0	936.0	40.0	948.0	24.0	0.0	248.0	9	left	1
122.390357	7.0	3.0	79.8636	-59.2136	24990300.0	973.21	6.0	880.0	60.0	904.0	35.0	0.0	242.0	9	left	1
122.491463	7.0	3.0	79.9591	-59.2354	27978100.0	974.463	1.0	977.0	58.0	976.0	26.0	0.0	248.0	9	left	1
122.591582	7.0	3.0	79.8765	-59.1656	28232700.0	973.38	2.0	972.0	51.0	992.0	21.0	0.0	264.0	9	left	1
122.692700	7.0	3.0	80.0	-59.2492	28417200.0	975.0	3.0	995.0	53.0	994.0	29.0	0.0	245.0	9	left	1
122.792857	6.98932	3.0	79.2735	-59.2041	27121600.0	965.545	7.0	936.0	48.0	973.0	36.0	388.0	267.0	9	left	1
122.893563	7.0	3.0	79.9609	-59.1672	29367700.0	974.487	9.0	1023.0	53.0	1006.0	19.0	0.0	282.0	9	left	1
122.994218	7.0	3.0	79.8686	-59.2782	26161000.0	973.275	3.0	913.0	68.0	916.0	28.0	0.0	250.0	9	left	1
123.095399	7.0	3.0	79.8389	-59.2729	28057200.0	972.885	3.0	993.0	77.0	954.0	24.0	0.0	251.0	9	left	1
123.195667	6.83778	3.0	79.6585	-59.0213	27124600.0	954.701	2.0	937.0	54.0	950.0	25.0	130.0	242.0	9	left	1
123.296054	6.27235	3.0	79.8753	-58.3274	27578700.0	902.417	2.0	962.0	29.0	968.0	17.0	0.0	190.0	9	left	1
123.396968	7.0	3.0	79.6881	-59.229	29459800.0	970.906	8.0	1026.0	86.0	1018.0	32.0	2048.0	328.0	9	left	1
123.496993	7.0	3.0	79.8425	-59.2667	29395000.0	972.933	6.0	1016.0	86.0	1006.0	46.0	0.0	285.0	9	left	1
123.596993	7.0	3.0	80.0	-59.2772	25274900.0	975.0	4.0	873.0	47.0	864.0	18.0	0.0	224.0	9	left	1
123.698032	7.0	3.0	80.0	-59.2597	28192800.0	975.0	5.0	982.0	67.0	991.0	25.0	0.0	282.0	9	left	1
123.798033	7.0	3.0	79.7308	-59.324	29919700.0	971.466	6.0	1040.0	69.0	1010.0	25.0	508.0	292.0	9	left	1
123.898811	7.0	3.0	79.7925	-59.2645	27726600.0	972.277	7.0	964.0	67.0	974.0	29.0	0.0	280.0	9	left	1
123.999426	7.0	3.0	79.8817	-59.2811	29343700.0	973.447	4.0	1014.0	49.0	1024.0	39.0	512.0	313.0	9	left	1
124.099908	7.0	3.0	79.8807	-59.2684	29269200.0	973.434	4.0	1006.0	73.0	1020.0	42.0	128.0	320.0	9	left	1
124.200901	7.0	3.0	80.0	-59.2982	29099700.0	975.0	2.0	1016.0	53.0	1006.0	30.0	2048.0	279.0	9	left	1
124.301614	7.0	3.0	79.9214	-59.224	29271700.0	973.969	6.0	1018.0	63.0	1030.0	39.0	0.0	317.0	9	left	1
124.402384	7.0	3.0	79.9599	-59.2485	28596200.0	974.474	3.0	998.0	43.0	1008.0	30.0	0.0	281.0	9	left	1
124.502930	7.0	3.0	79.8813	-59.2146	29149600.0	973.442	4.0	1011.0	68.0	1011.0	30.0	992.0	279.0	9	left	1
124.602936	7.0	3.0	79.8447	-59.266	30003400.0	972.961	5.0	1030.0	55.0	1007.0	25.0	257.0	272.0	9	left	1
124.703449	7.0	3.0	79.7974	-59.2675	28479500.0	972.34	13.0	987.0	55.0	1006.0	29.0	0.0	307.0	9	left	1
124.803451	6.99051	3.0	79.6205	-59.1926	30519600.0	969.592	4.0	1054.0	68.0	1028.0	33.0	2561.0	338.0	9	left	1
124.904652	6.96176	3.0	78.2851	-59.0672	24608600.0	951.257	3.0	863.0	73.0	853.0	24.0	0.0	253.0	9	left	1
125.004800	6.99438	2.79753	78.3352	-59.8459	25669200.0	887.047	3.0	889.0	76.0	893.0	23.0	0.0	211.0	9	left	1
125.106200	7.18397	2.01354	79.6388	-62.684	25350300.0	673.871	2.0	886.0	3.0	1024.0	57.0	486.0	152.0	9	left	1
125.207186	7.98875	2.01286	80.0	-63.127	17831000.0	782.646	2.0	622.0	10.0	933.0	166.0	1793.0	482.0	9	left	1
125.307207	7.04274	2.95726	79.5951	-59.3768	25493200.0	961.35	7.0	889.0	34.0	952.0	42.0	4130.0	289.0	9	left	1
125.407959	7.0	3.0	79.9146	-59.2508	26741100.0	973.879	5.0	937.0	56.0	927.0	24.0	3.0	255.0	9	left	1
125.507961	7.0	3.0	79.9146	-59.2188	26985200.0	973.879	0.0	937.0	47.0	965.0	28.0	0.0	247.0	9	left	1
125.608133	7.0	3.0	79.9139	-59.2853	26497400.0	973.87	1.0	929.0	31.0	959.0	34.0	0.0	230.0	9	left	1
125.708340	7.0	3.0	79.8335	-59.2653	27673000.0	972.815	6.0	961.0	76.0	937.0	25.0	256.0	250.0	9	left	1
125.808777	7.0	3.0	80.0	-59.2894	27993000.0	975.0	1.0	971.0	46.0	968.0	33.0	256.0	255.0	9	left	1
125.909338	7.0	3.0	79.7137	-59.2648	27993800.0	971.242	7.0	978.0	47.0	1023.0	42.0	2944.0	278.0	9	left	1
126.009525	7.0	3.0	79.9628	-59.2881	31385400.0	974.512	2.0	1076.0	91.0	1045.0	32.0	0.0	305.0	9	left	1
126.109529	7.0	3.0	79.8456	-59.2954	30294300.0	972.973	9.0	1036.0	54.0	1054.0	25.0	0.0	274.0	9	left	1
126.210088	7.0	3.0	80.0	-59.3076	31291700.0	975.0	7.0	1086.0	51.0	1080.0	25.0	0.0	296.0	9	left	1
126.310091	7.0	3.0	80.0	-59.2363	24479100.0	975.0	9.0	859.0	66.0	837.0	27.0	0.0	274.0	9	left	1
126.411456	7.0	3.0	79.8477	-59.198	22010900.0	973.001	1.0	788.0	35.0	833.0	19.0	2058.0	205.0	9	left	1
126.511970	7.0	3.0	79.8575	-59.2257	23909600.0	973.129	1.0	842.0	37.0	837.0	18.0	0.0	227.0	9	left	1
126.612824	7.0	3.0	79.9059	-59.3224	23906600.0	973.765	5.0	850.0	60.0	867.0	23.0	0.0	225.0	9	left	1
126.712843	7.0	3.0	79.8563	-59.1952	23568400.0	973.114	2.0	835.0	35.0	827.0	24.0	0.0	220.0	9	left	1
126.812870	7.0	3.0	79.8479	-59.2243	22608900.0	973.004	6.0	789.0	33.0	801.0	22.0	0.0	228.0	9	left	1
126.914146	7.0	3.0	79.8627	-59.1911	24528300.0	973.198	4.0	874.0	47.0	860.0	24.0	129.0	217.0	9	left	1
127.014814	7.0	3.0	79.8701	-59.2338	26212200.0	973.295	10.0	924.0	37.0	958.0	28.0	512.0	281.0	9	left	1
127.114877	7.0	3.0	80.0	-59.2428	29048200.0	975.0	11.0	1009.0	67.0	992.0	28.0	0.0	288.0	9	left	1
127.215106	7.0	3.0	79.9599	-59.2786	28810200.0	974.474	13.0	998.0	70.0	1004.0	29.0	0.0	276.0	9	left	1
127.315857	7.0	3.0	79.9603	-59.2622	28818200.0	974.479	7.0	1007.0	19.0	1031.0	29.0	128.0	269.0	9	left	1
127.416086	7.0	3.0	79.7947	-59.2382	28144400.0	972.305	5.0	974.0	38.0	983.0	24.0	2048.0	298.0	9	left	1
127.516973	6.99304	3.0	79.7217	-59.17	28659100.0	971.034	4.0	1006.0	40.0	1011.0	29.0	0.0	314.0	9	left	1
127.618007	6.97686	3.0	78.92	-59.0714	29822500.0	959.783	2.0	1037.0	50.0	1035.0	33.0	0.0	330.0	9	left	1
127.718137	7.0	3.0	79.9194	-59.2266	28608000.0	973.943	6.0	993.0	64.0	976.0	29.0	0.0	260.0	9	left	1
127.818760	6.99689	3.0	79.834	-59.2158	27679500.0	972.682	19.0	964.0	58.0	986.0	34.0	0.0	283.0	9	left	1
127.929038	6.99262	3.0	79.7048	-59.0498	14071200.0	970.793	0.0	542.0	10.0	546.0	19.0	7219.0	157.0	9	left	1
128.066517	7.0	3.0	80.0	-52.8	9135.98	975.0	0.0	5.0	0.0	5.0	3.0	6246.0	0.0	9	left	1
##	323267.0	1069741.0	0.302192											9	left	1
